206
9732 19
5122 50564 59657 45457 16150 91031 30621 97694 46395 23745 25547 27469 97489 34279 68587 14832 21619 23923 70399
6112 19
54018 86659 95625 93072 27539 61716 47382 1051 87586 31668 13248 21317 78666 40142 96465 95722 57834 6901 71160
8408 19
4098 13455 47632 23569 9756 46750 5279 23584 82975 27938 40222 35896 37821 69966 16222 31076 63077 3312 22006
2631 20
91910 30747 95646 53154 46628 92325 98470 72613 28844 63405 49839 65968 27196 86463 11334 48846 41551 39248 72913 51443
1478 20
70272 11030 16541 94114 29736 94760 44076 95287 56764 99281 40915 31959 88154 16091 3165 29280 89956 21990 59763 81910
1764 19
77315 56196 13065 11406 56985 64281 48550 20779 47404 14379 12587 14640 12597 56758 21325 54107 65649 65781 44025
4255 20
63616 49819 86820 77860 67242 99761 96564 86205 80831 86341 72649 81866 36939 26711 4701 56287 30433 82795 43634 64636
3597 20
30212 43268 95110 10118 59146 40462 11413 26650 90138 43181 44464 82493 73670 37962 15572 76133 90342 55285 84345 12667
5294 20
87435 93228 99504 78899 48438 16698 93883 28350 78911 22848 48322 35912 24523 98765 77661 42723 95852 80627 14456 22139
1670 20
76288 51718 16775 68239 4625 3093 7834 56610 71716 68138 3253 68278 2236 38845 9793 74694 23129 1764 63980 93037
5172 20
4624 78612 40985 22553 57499 45727 52269 71104 70466 5955 32583 17102 52564 6742 863 8430 24432 57587 67828 51447
1401 20
40839 650 89744 18325 21662 77727 41249 63672 85309 35776 4430 32087 88283 36831 25313 10209 33765 59882 99567 63603
5065 19
40458 75917 63892 3096 32542 28703 20130 62380 99758 71471 311 28614 71880 69453 77520 89812 6870 99038 9950
4271 20
29450 61454 68113 48279 24347 26395 16292 34348 44465 12340 71604 43577 86717 11583 18754 1111 28379 49633 54256 20987
1542 20
2698 32276 37154 48422 88883 47800 74937 91068 23501 53326 41041 43483 50781 25437 41059 86246 57961 46442 35572 20852
9582 20
72460 62732 76051 49047 79771 57117 82593 80930 84645 15781 26027 68781 65333 75325 25539 38096 71517 91380 18295 72058
2595 20
20237 21527 58789 56102 85163 47277 89403 99774 74434 6211 43589 32210 53077 14294 4574 37988 7402 65394 24051 68600
2829 19
82823 96141 27028 56084 60182 13207 85013 85274 77091 74154 91436 8252 97725 9546 52043 85080 41562 97508 91369
6910 20
83844 10629 92039 68231 59656 1819 79901 24360 29866 15916 34096 42546 1461 84035 30148 15432 77514 29904 72794 74100
1959 20
15504 30360 65440 79779 40740 33065 92586 66986 78377 26926 37814 22070 30904 80465 37462 6488 26841 58849 8816 2558
7197 19
85002 70548 57881 45087 35493 23852 32052 9789 50884 17486 40527 60373 33752 47711 57825 37221 22905 79354 29183
5287 20
74627 3206 27536 80276 8987 10141 84768 85930 69034 25386 70320 28737 78017 3028 25182 7137 61540 74984 45300 6389
2935 19
79361 89879 37916 89387 84668 68413 1992 29005 94414 63695 14544 91478 34906 44126 75105 7784 13418 37879 34047
8696 20
82577 24855 38304 35619 3876 78115 94634 82092 45104 17085 77630 89554 5076 87902 44776 2284 66416 42488 86267 65791
7339 20
37395 32405 99861 28568 43162 56101 5671 29480 29228 2107 78398 72783 50903 47960 53848 32093 95078 18156 27500 77692
3169 20
39686 61712 47381 50325 45464 91815 21040 14258 28600 32833 27591 88523 83548 68833 55535 21488 51699 97013 81404 27517
1598 19
81280 9729 3331 56326 64519 10902 79514 11831 57788 34493 13254 93254 76495 11607 38745 30557 51557 38763 17390
9487 20
32525 2958 24335 54543 6038 32426 75819 76083 32950 9282 52169 62805 72923 64606 42850 35812 98040 30970 75389 26750
9692 17
95232 59362 38246 89000 53196 6893 4046 44492 94674 17138 70740 10196 45235 90107 49181 12574 991
9806 20
5897 91531 66069 7833 32539 90405 27565 63040 17347 25166 49240 3034 66792 75753 5999 45685 23799 51194 26491 48636
7901 19
57998 18318 51089 88594 88339 2992 83517 72008 29644 80845 29395 26579 46423 10970 57830 58602 83308 99186 16893
7815 19
56576 9755 6691 5927 35113 82861 99502 21168 69558 43089 90067 83165 90719 29279 47844 65395 79735 13176 48124
1424 19
37377 5751 76808 75658 70030 88092 62620 78366 43196 74316 60367 18512 88912 75603 32595 82775 35687 88949 503
3177 20
11779 95748 70659 3463 42259 3862 6937 72611 53291 61995 47795 36917 22071 35387 77499 41280 95194 20571 87898 8418
3454 19
19732 55062 31384 7321 65309 4898 32422 61351 68136 98346 84783 34871 9148 65984 65362 79703 19304 52330 65778
2493 20
95617 58246 43399 76814 33551 57871 83473 74389 33432 40108 48818 8519 63953 15829 79579 35806 32355 42085 39918 4729
9294 20
72711 37909 89243 87581 68640 59429 57516 23597 97076 48181 54341 16973 57295 96726 42080 7009 37479 747 33522 42870
1750 20
84480 64392 11023 41618 44587 68908 62902 70715 28733 10305 91723 80077 74833 3419 54370 91749 97517 7149 68603 18814
2643 20
48641 46099 38170 72861 70175 60965 88998 47531 60587 19499 16944 92984 571 31813 72542 47714 92516 27112 55530 14964
8407 17
58976 71975 61032 43528 1674 13322 53003 553 71533 35536 24530 29682 73812 90837 32342 36215 49023
4630 20
7177 54033 28823 29479 84525 43959 7100 94786 79817 82768 57171 48216 91356 66660 67946 84719 368 72945 47610 69243
904 17
53568 37057 96928 16486 86297 31208 44808 90569 24713 28012 1135 64466 7538 97527 62617 71323 26397
3120 20
81665 16260 85769 70284 75149 72215 807 3756 54200 82105 99902 92494 45779 95577 89957 74725 41195 63599 86000 80761
2644 20
45568 43777 84739 4356 25096 53516 35476 21544 27945 91944 86827 6193 45494 8260 86734 76246 35291 57696 45285 25465
661 20
31489 87312 32402 44823 9112 46618 50977 77606 48941 55860 41272 26557 15297 49350 15973 66405 86001 25973 83190 5110
2995 18
74081 5441 21413 9318 18246 52134 5274 43436 30414 34544 63121 52146 57138 84242 19577 30202 19261 1247
4401 17
8449 96546 2498 10694 66987 55517 176 91057 27963 55061 40054 92631 53624 13369 90009 12535 89240
7358 20
6016 81543 46729 51487 8226 45114 36550 34122 65619 63957 59605 47834 34271 65508 81897 88944 67570 30585 46203 41726
1133 20
23940 89093 23045 6023 35861 84375 41625 4635 48670 80544 67618 20269 28103 50898 22869 41188 20708 87020 21741 24559
8046 20
1801 23451 13731 16932 67877 35624 59572 70965 89532 19009 51652 47686 80588 53710 70753 52846 93679 9462 53756 48638
2560 19
12033 9355 87694 36243 53012 50332 90653 47035 30532 57157 23625 3919 46678 42077 61536 47585 54891 34286 98687
3928 20
49155 81414 98055 1040 99984 36372 76960 15018 94388 30902 20790 79929 88388 75480 45529 27612 67684 11109 32229 41979
5763 20
95236 71306 94605 53009 59160 63137 37166 66230 75194 66108 68800 26444 76502 59364 69478 25576 78572 86642 24823 53371
1364 20
95115 67215 50191 31631 7442 18075 61473 83629 46785 35016 43337 36175 53457 16602 13278 78179 22118 9703 5480 6637
9029 19
16128 9474 54927 90513 14741 67865 15784 15282 67385 93249 87109 63312 26710 86492 15325 76134 8174 73968 21238
5621 19
3209 56717 59919 4633 19098 28194 7845 52140 94534 91081 12746 80098 78307 14822 32620 45934 34928 27127 60026
4139 19
66706 22546 17427 81556 37278 98735 4532 31160 99384 56378 15677 29502 31040 42697 88407 54109 58217 49140 30583
1606 19
89988 87052 22806 60313 82204 70957 70198 16695 70712 74681 81083 443 95307 81745 73298 93400 5223 14572 92791
3015 20
18432 60802 61320 84758 44696 57506 10788 45093 45619 34244 55366 59103 32227 4840 12014 50932 94206 34807 62459 56574
1949 20
1416 98832 82966 41367 18968 5658 24096 77607 46254 75188 2883 21318 29512 7767 71256 63589 99686 52845 99572 96757
4188 20
53254 74653 40737 98086 9776 94512 65716 95029 49469 61376 55107 4685 24790 48855 78816 9443 3949 61295 42996 78967
6727 19
89985 68367 33423 99493 169 33345 35650 20419 89031 9678 27475 71129 99419 46683 3037 62815 751 9975 53500
5311 19
71301 82953 37385 26765 40337 27 85283 31674 52285 73422 41168 76763 5980 66267 81510 47594 88308 75001 56186
4513 20
88072 40848 60048 47890 85018 49050 48415 11304 5672 38189 77628 52031 38979 22984 38479 60769 63081 28662 71928 4090
251 20
2436 30980 28038 6156 51726 36245 30613 36247 42139 49704 41394 43465 68948 42849 88034 56930 80354 16364 96369 380
5073 19
36875 41490 30100 45208 48921 61732 73007 68016 40888 1600 86595 10573 21584 46035 92389 54000 1651 70780 17662
9530 19
27657 65930 5518 71577 18334 72234 30646 3263 8645 3782 78919 59229 94433 91234 70247 84206 83438 71665 46332
3340 18
96673 46621 31484 34884 33191 82696 77225 76201 89643 37866 8177 1489 66710 45755 23964 7453 64382 54815
9717 20
17668 81030 36358 85268 31011 54700 80175 71094 89528 87353 53060 24005 49619 83029 80746 17131 8818 10492 31613 34430
9619 19
8715 81817 63514 33053 99231 97570 89384 22074 41545 71889 4945 67923 66905 53603 16869 93670 94054 59750 74864
9242 19
29313 49420 78355 1941 6430 52262 42919 54825 89260 3638 74072 86748 21470 10725 37862 31590 37102 26479 33400
4275 20
71821 70417 80800 46631 32042 60857 39744 86342 63686 86091 99148 92110 95189 98905 47970 21220 93416 4338 2809 80892
9805 20
3203 77204 54566 69928 85938 23730 60084 82251 205 34639 64975 30928 53462 20438 61658 30299 55021 25462 63350 57977
2611 19
85641 55573 20379 20784 70329 29626 30014 97483 35787 75980 2252 57813 52184 72537 2013 42207 46689 71017 29310
7219 17
46688 99905 52610 80035 95844 76261 65577 83244 8046 30095 79025 81402 10771 6933 56374 10232 61498
5928 20
30727 6800 48786 58003 6437 92971 9901 58680 2104 89660 16327 82890 46283 71629 42070 89184 98020 73704 70381 93169
6008 20
60417 5250 65795 54791 11410 43410 29348 45867 87851 14507 80558 36282 79165 34879 84551 24401 96729 29920 34661 49132
8385 19
47878 99595 62862 41505 8231 17066 88746 44086 42303 50374 74830 75733 42967 10972 22621 12131 69228 48764 98942
2054 20
91659 64013 78222 45711 27668 2201 80293 6185 1710 15150 85047 44097 64706 38213 93387 57039 78287 94677 92636 59767
5057 18
52320 92737 56288 35107 69573 37004 56493 54671 26128 20724 30101 27927 10394 37723 91836 27485 98302 51615
5006 19
54408 21514 12938 57867 25614 53649 46101 39830 95257 76702 64415 6050 54828 50106 91079 68314 30427 35815 18289
349 20
55168 71808 73350 45706 83215 56492 49971 93253 64201 59352 92378 99807 10212 17897 87536 97265 20469 18167 39545 34171
6134 20
14464 3 72197 88845 83989 17304 15130 58272 84770 54442 93362 46847 59575 16441 21341 28511 15983 53746 8314 20223
976 20
2565 61575 27399 96395 40726 3485 70061 1581 89648 84913 78129 20915 3121 84408 61758 7768 79713 92649 25452 69105
1537 20
91907 97801 86409 87307 74527 2729 12074 6451 48693 10681 61374 37321 17099 72268 42729 54007 69114 33275 83836 77438
8834 20
27790 20112 17043 29971 28952 15140 47536 73288 27208 66250 32461 94166 26969 47838 33122 24810 69488 57592 80124 94079
9937 20
27017 86547 16797 66338 67641 55483 93635 65351 19533 64210 71638 80087 93406 73695 8300 23664 80626 93171 33274 32255
417 20
66048 10368 93582 95889 35858 275 67351 60189 23860 24763 47041 42052 1989 96586 54617 15324 99685 53611 94957 6910
4433 20
94976 51203 68362 19352 43036 66206 64294 10802 84020 38711 12864 66372 23365 63561 46541 27731 54230 29276 53097 51197
6193 20
5896 9104 86553 35872 36402 6591 8650 99532 60882 90838 30943 39912 3566 81647 46958 48885 91125 75383 80380 14845
6832 19
39171 83082 86543 25364 44438 91032 25371 20256 935 72490 96968 80719 99670 59365 65767 18282 17907 26356 22132
7218 20
53763 45458 32922 88476 49821 19101 9385 41014 67526 17868 91340 51664 68180 75619 46565 10604 7404 21624 42873 58235
7834 19
35584 7810 54148 43920 28688 51735 34715 15667 60732 46790 49481 58700 5965 8043 17644 63472 42104 66811 19199
5053 19
25989 11913 47759 59427 97335 37442 45636 93125 97862 93391 25811 10965 63193 19673 95967 56682 59378 73720 39551
5337 19
89116 672 83241 62762 78638 85424 24497 44852 35646 25542 91595 21581 64465 64741 76649 39789 34927 89207 73977
6247 19
52998 93861 57766 82602 97839 43826 16436 84919 68930 13773 17357 87127 80219 23903 87397 39781 9586 1267 1016
2929 17
87204 30469 136 27465 21993 43243 35499 46862 44911 27023 38703 70385 54481 38518 58328 91547 81535
9647 19
20992 47109 93830 36874 25354 3723 15121 77077 25514 29392 69201 36307 46419 95318 35547 24037 14951 6639 22523
8301 20
56580 33035 79257 86813 93091 80421 79564 23887 42833 94550 44378 77403 8668 91618 73315 60520 59243 68204 77553 25209
2442 20
25730 48399 16400 58775 84503 72868 96549 98604 99505 62385 4533 9663 73543 16842 31444 48981 48214 40660 27609 69852
6017 19
27909 99079 908 80407 46107 81823 76080 97607 47062 99549 23138 96869 76518 13927 90217 44017 24947 36596 90235
4413 20
14730 37650 32534 7199 91694 3122 46770 84151 20025 86589 49728 20941 18639 7762 10327 28378 57058 66666 68090 59260
2468 19
92160 58641 15132 44075 67246 4270 22455 64188 82367 58943 59586 55111 76499 75860 6745 71515 50910 97638 48757
5239 20
60165 40472 84253 20909 99630 85295 72887 84030 32705 31060 96215 48604 98401 77922 60645 93034 77807 77815 78457 84346
2664 19
73485 69525 65434 84514 91693 47150 70202 31295 54995 80596 47589 73448 30059 39531 96111 57718 57976 52093 60287
2384 19
44035 74373 83871 75040 89392 15032 92352 47168 28226 40514 66377 40138 34763 32593 52570 84077 6258 65527 72828
6836 20
47880 73748 44567 11927 16538 39964 60963 2475 76334 7098 35649 43972 46021 63685 9803 20434 34777 13539 8810 43887
1561 18
90433 87458 58267 38789 71237 16710 53032 5669 18027 16984 37612 37006 27889 25619 30326 9880 92091 92126
7541 18
67202 86275 19940 52966 36777 36106 39512 5324 90316 38348 20145 89555 9812 93685 11479 83095 83579 13215
8472 20
46723 42883 99210 47754 42765 52642 78122 74540 96439 37818 87231 28863 40905 15709 1120 27105 88166 31206 71149 96632
2830 19
2816 11521 65030 66058 22923 74125 69904 52506 27169 93477 85802 24754 73779 62515 50999 81508 2023 3571 43765
7389 18
23459 19237 65733 73191 55750 50251 77292 43180 6141 57523 88532 7893 28797 18996 52922 96539 8061 24479
9269 20
9353 17441 19235 59944 37052 29253 16975 76753 23128 96352 26592 22497 86757 95977 26347 20210 57458 93686 23676 50815
8736 20
66827 21646 8865 33706 80692 94262 85576 69455 11859 16084 5591 350 90079 33504 51427 60008 25964 38512 49650 24446
8750 18
7264 51553 58401 88161 49185 34853 44610 22364 92134 31847 38092 32270 83312 9468 87766 74777 62683 56668
19 20
54031 289 2596 33832 59697 53043 31923 15417 34109 53181 57153 77516 41297 84320 10987 84845 50289 45938 62074 82303
7988 19
77953 73737 54800 11809 29220 73639 60842 78125 52276 38340 99652 56908 74963 92503 50143 71914 6005 99324 56061
8839 19
62467 61444 30601 17418 80409 11548 48420 93992 73517 81713 13780 15830 25692 4964 66404 76776 24954 79479 25978
7484 20
97413 83090 24604 31262 80159 74915 62288 1233 6999 30428 89053 35042 94567 33899 51693 499 33011 13048 27513 68859
5469 18
6240 34624 71779 66309 65340 41959 90219 5116 53581 94990 81175 71115 95665 24373 28439 80793 66396 61342
6185 19
47875 81670 75533 1550 49168 85140 26521 4259 80553 50605 94908 10957 13777 39140 92901 43886 88182 64503 53631
7287 18
18785 67875 35972 47716 75752 41289 31373 53773 12943 73935 31985 51665 56179 35538 84244 91452 70999 9724
7709 19
53259 78733 17174 91415 69407 28069 88615 6194 24499 67654 71892 56021 37972 9816 80735 58854 23021 70512 99195
7072 19
14344 52746 97556 23190 95521 17708 26289 80706 3659 96718 60880 90714 73842 72820 39286 95736 96889 28666 23931
1465 20
30721 33539 6159 90912 44199 81711 29361 82355 74811 52286 18009 19036 45149 96 38758 50666 71796 10613 7543 78843
2922 20
75524 16526 87058 76311 88220 40862 53663 42405 32682 33208 26814 19408 51794 45653 9446 62828 72305 33656 30076 72829
9618 19
25482 4238 44304 2458 98974 62769 82354 69299 94777 50619 8646 98375 22615 59376 62320 89076 33397 84855 9983
8922 20
67842 84996 54162 66324 85397 42017 81571 18982 39595 89647 65981 50624 20304 96594 21587 44118 77920 3565 65273 41981
1262 19
4865 60418 81930 97293 89874 59548 21917 28974 52936 63823 91993 37217 12010 15082 93039 99440 91379 76659 89597
9836 20
78858 84746 63244 49563 85288 93608 32683 10156 32046 15151 34747 92220 46523 64956 65991 54368 86374 37094 72558 79991
5280 19
74762 20382 23202 40099 85419 33324 43188 82615 40635 13124 25926 54599 7245 59088 79446 24160 18672 85492 61687
972 20
47495 60423 16153 42783 22442 41005 23737 54586 71103 2497 17859 90445 15185 27474 55508 2389 67802 43377 67061 35199
8884 18
68993 94654 42053 55880 59177 12151 6991 63572 90230 36919 20310 82713 67226 22326 26684 11645 3550 96767
875 18
31777 66502 83367 69768 25801 7369 50280 23244 76351 16430 58702 19725 24063 18696 45012 1076 34973 22879
9636 19
13836 8473 97065 11817 94382 77358 85429 3261 81091 27211 52435 14039 45399 22875 26596 7273 4076 74739 66300
1215 19
28288 11905 87296 92420 76553 4878 72463 66450 31267 38052 67496 32697 93761 72157 51428 78323 38005 3191 74238
7380 20
35840 38921 60172 37914 82460 87971 28082 2230 12342 86337 91080 93267 20947 77412 90981 60646 31465 64757 49526 86398
5639 20
37394 24597 47904 10915 3492 34598 93994 36910 9399 40505 5820 83004 18113 6993 35423 54255 48368 56052 98037 80119
2596 18
85984 8770 99555 92388 99463 89768 13673 39432 81132 61967 62448 77235 27348 7317 76435 34838 27542 55132
9985 19
46976 43277 57997 35989 31641 4521 86708 44342 27065 81469 81477 18118 13262 95315 352 5474 71651 94829 39791
333 20
56452 66077 42018 65703 22979 54340 2253 14167 98009 85210 16094 17375 83552 77281 28898 66274 26728 629 56312 43130
9277 19
82049 75269 32901 76296 1677 8730 52765 17950 85535 61344 69537 71851 16941 98478 95698 24431 26618 1404 4990
6468 20
33024 93445 12308 39842 29476 60710 5418 2730 52653 45359 43956 15038 84678 68680 3664 70998 6743 85490 38772 81275
1586 18
9184 72033 91872 81029 99143 79629 59150 42446 5425 30002 64819 37911 46358 6839 98168 75129 70460 45853
2666 17
4386 33667 60452 29143 55114 86730 18220 26796 25484 78768 88819 24085 95190 76598 77976 15898 53405
3445 20
81792 67596 38675 4892 37423 85296 51247 4035 42696 21852 86625 44515 64997 33382 54121 66283 61680 34801 96884 27253
6258 20
4743 61990 2681 79538 99517 56382 39742 80381 86338 52036 89297 40405 1626 49500 18399 78186 64880 18166 6905 91261
1692 19
36480 3721 56466 97683 75801 56858 68516 44581 45606 12711 19384 87509 26326 17111 1643 93036 13679 93935 51199
6715 18
92033 94724 69349 49510 35878 96008 9544 26822 3598 70288 34769 95314 68116 21077 67956 75926 1147 98111
1725 19
11418 47773 20639 75688 83499 96309 83255 47814 37583 51028 98779 74978 21222 23399 58216 64105 72812 73196 19198
7793 19
71042 72328 64014 32914 18067 73878 32793 76578 72487 31285 76605 19140 74441 85846 94310 20711 58735 61304 45180
7050 20
39815 6540 21397 53270 34199 85014 13613 41269 11958 37315 84806 79055 45019 54619 66657 40683 57452 63853 37230 35575
9359 19
34050 73996 82061 8847 13330 25878 35104 68912 27446 1087 81348 76616 3917 63696 89808 50397 64099 16230 72169
8405 20
75782 54822 27052 35887 2869 11318 21434 55744 94531 15557 29265 14680 70616 17767 4455 8937 23404 86386 85493 62327
9847 20
76930 42249 67470 25360 37905 49572 86436 40102 31148 85170 96190 53569 81346 34886 98774 83562 11764 83320 90236 51583
9060 19
47744 28418 85768 2832 32288 51498 3631 75184 17460 78524 73534 21954 82115 58438 91847 30539 15588 49125 39421
6350 20
77825 91017 85008 13595 80162 95651 29478 48297 51631 93115 90683 91967 12098 29897 28244 74719 88930 95079 81013 22137
6408 20
35842 72073 97811 88726 1689 71706 28955 26662 95538 75829 96312 45766 68047 67157 7013 89199 96625 20727 75512 93948
9695 18
17474 7619 90790 24698 21064 84490 45783 41934 47087 20718 65462 27191 15416 29084 35482 74651 93660 53855
9980 19
65284 64647 65687 67749 678 7725 76719 27823 93626 29629 75845 26187 13131 71117 54620 95073 62181 18809 90109
165 19
78600 51720 29967 77458 56855 91426 81958 77356 82111 6338 28355 78531 70232 88798 37089 76135 71402 57068 33518
532 18
86400 79778 55620 83846 50729 9513 78986 22798 75534 28371 91636 40565 67734 4761 41915 89500 44285 92286
9221 19
90500 67088 19985 88738 29873 57012 8245 84026 74554 24514 86722 93774 70487 25306 83297 76388 26344 52725 88825
6550 19
11530 93066 16395 80912 7958 65313 33058 57527 85050 97857 10051 57286 12759 31067 49892 97138 35700 94970 63103
8531 20
30210 31881 1931 36364 63130 18210 95539 179 64312 81979 65222 45256 87376 36051 47191 52444 51681 76901 29678 98543
6588 20
37636 50826 47631 82960 88210 36766 98341 49067 7618 1988 19537 48982 75995 60125 66794 38766 2159 42352 75758 50809
3301 20
87044 71697 89106 25109 2972 8738 17449 35755 31788 4023 16442 92476 1990 4947 70229 96993 40547 19556 19561 38908
2253 20
15369 15113 97419 47500 25107 92577 16297 40755 43078 55119 77523 37203 96855 89178 41436 16480 71521 225 73192 89202
415 20
5888 33165 32142 35870 48942 35379 38207 4159 27588 51525 20048 23893 89686 31832 14555 61405 16613 81386 51182 54775
5036 19
53126 58639 92696 39032 35359 85664 18083 29604 9900 30645 52674 579 13644 45519 40914 13524 39903 77929 46328
1065 19
93966 33295 39346 9015 73016 54970 76483 95946 56400 78289 88148 50281 91882 77947 9836 36080 87160 59899 28543
243 20
81411 19979 25516 43824 4157 85694 33857 22596 28617 66764 90322 3667 48340 34016 8039 67052 40821 27509 91767 14463
4172 20
25870 11279 93456 1809 76947 64796 24224 87093 67135 81230 73170 9431 34144 61291 37227 89841 24564 76277 95094 375
3240 19
75140 40965 88967 24970 31503 31252 48404 66073 63771 95905 58788 3239 28472 41151 60493 2140 70624 59117 12530
6718 20
1672 76171 48788 21013 38427 6306 84004 49208 90812 86973 90174 46024 73545 45002 65227 25050 11486 22505 5870 14462
6688 20
31499 90381 83085 9103 31119 64789 94490 89247 36135 61095 79150 22578 91570 82872 92751 49367 81121 91244 55025 31997
5883 18
97060 46693 16870 64138 7641 39790 36814 31854 30065 85585 4846 5749 87478 83191 84184 68537 43798 52764
1946 19
81283 16007 6934 93984 18216 45740 26043 5055 43211 94673 59859 39379 72024 70491 37602 94057 70889 61933 34940
3313 19
27145 15393 76838 16056 13500 29372 39101 61534 55400 78315 86764 15087 69247 54001 29810 21240 27001 12670 97791
1418 20
20226 56066 48647 76551 84881 45974 16675 76713 37168 56241 36158 49730 55364 80455 5959 41546 70987 26719 40677 90864
4024 19
40333 67597 85138 88984 74278 97843 7872 56000 71113 47185 70994 61395 56147 67415 96867 25713 71537 62073 74750
8964 20
88448 80136 80145 75538 35362 31142 83880 76338 58163 53561 15675 96959 17605 9673 97490 43860 93683 64755 4600 9849
2392 19
24706 9482 95757 48016 50451 49173 20247 60584 38070 13110 49985 61279 45798 19690 27503 42608 5874 62322 61950
4040 20
67458 99214 11924 63898 22430 65694 8867 45873 89659 82759 12231 52041 98640 34899 30424 96219 66779 14432 26095 21499
6937 20
96138 47247 6552 26012 64550 63659 20272 62652 85692 15426 33859 36164 89923 60107 80846 97743 44769 90470 62072 2814
2495 20
65423 75157 66336 22049 65060 36009 45994 98988 14896 48434 92082 1722 47549 76494 86359 4707 26985 68844 86643 27764
6236 20
31748 43916 97316 74537 89773 95663 49075 89011 67257 71100 72514 46152 23755 6736 88550 26472 21997 85494 37495 89336
2708 20
75651 57484 64931 96552 37677 73774 58419 14008 14779 42940 74184 39506 34517 96343 56282 83932 46311 43114 82422 28024
5371 20
19200 13317 88714 148 92824 59805 92326 17832 30254 44981 6973 49611 64207 16987 70107 62941 67048 27757 36848 76146
1841 20
9497 57389 66478 47022 21689 90937 6586 89534 77503 2761 8138 37199 10323 31189 3036 76892 84061 92269 99961 95102
7485 20
66322 36115 93074 71957 97948 24630 45375 26815 11459 92488 23497 12622 75863 78824 17261 74992 62708 1530 83709 91006
1356 20
56979 13975 98328 66975 74656 49706 7850 15920 1718 57786 40507 89796 83283 74453 77787 52190 73445 61543 63860 70779
1071 20
24067 18563 58381 40591 63642 95131 69803 72878 37300 51129 16958 6476 93264 95444 54740 71649 95206 6887 15724 32627
6370 20
25601 91160 40362 427 3501 93870 18097 94898 32566 48312 37690 88380 43840 33734 84683 34253 60385 32239 46583 93433
8903 20
78859 85260 97548 27919 32021 34201 97455 25647 99759 72762 2106 68033 36675 57029 41038 15826 89694 18017 23782 57343
5628 18
70848 77697 50978 2466 49668 65347 65848 62968 19434 20184 70865 98738 42200 37945 56090 93725 42494 60959
7637 19
44301 97166 3599 13345 48679 55467 57007 11312 90300 64449 63042 81221 76630 28763 8429 14319 72436 63221 81661
1708 19
47750 35718 13969 79508 63266 55210 93112 30138 67395 7109 30026 16336 73555 85474 97263 45679 5363 30200 42746
6217 19
24966 94618 21660 26532 85806 69296 35640 13626 23486 31558 42311 48716 11473 67029 12635 45158 39143 76904 3693
6132 20
70159 70814 99616 24486 72999 31537 22965 31414 3129 7367 86473 35404 53964 91995 78304 51697 82418 26482 98166 49399
3050 15
17096 57053 55851 77035 20139 41617 7507 20053 89911 80440 69020 14042 63291 50044 31709
1008 18
27777 2818 95842 13092 84098 16964 65480 49419 46188 56557 27054 57938 78515 51508 31576 78428 96445 52669
1379 19
29568 18061 70157 35731 91675 13597 50974 50975 79392 54450 98744 26558 30402 5584 33885 99303 6759 94194 40691
4871 20
83073 18945 52743 17164 42134 11543 920 10014 58146 29616 66996 50357 79041 98377 12492 55914 2030 68337 17652 72701
7533 19
43403 52756 46742 54296 70435 87845 22825 95154 69426 50358 52024 20309 12511 43745 49380 45926 37097 61163 32632
1766 19
77826 6660 12421 24458 74387 79777 61094 13224 554 75696 52409 93776 50775 53596 67168 72289 75892 81273 69757
