1014
801 399 36
793 398 209
628 397 375
456 397 271
443 397 138
519 397 68
211 395 270
355 395 127
48 394 333
309 393 82
474 392 333
695 392 189
603 392 94
325 389 80
82 388 234
244 386 79
93 386 45
696 384 214
129 383 335
194 383 291
928 383 72
195 382 315
345 382 175
299 382 32
6 382 19
1004 381 166
758 379 387
139 379 68
19 378 29
754 377 346
735 377 165
413 376 387
60 376 179
876 376 69
712 375 389
872 375 290
658 375 249
777 375 33
136 374 112
949 372 382
283 372 269
41 372 224
331 371 81
304 367 396
678 366 370
829 366 353
143 366 197
441 366 112
23 365 102
535 361 345
412 361 39
138 360 314
813 357 289
383 356 282
357 356 158
890 355 348
50 355 70
470 355 32
810 354 72
268 353 364
973 353 91
689 353 84
431 352 194
368 351 382
704 351 365
941 351 301
505 351 268
354 350 393
978 350 284
789 349 362
77 349 336
765 349 214
58 349 68
969 348 345
408 346 366
596 346 221
909 345 357
853 345 341
933 344 127
365 344 125
451 343 351
191 343 76
688 342 28
791 341 150
471 340 379
487 339 269
290 337 136
4 336 303
422 335 20
848 334 128
125 334 13
572 332 340
1006 332 73
864 331 382
666 331 381
561 331 100
447 329 125
342 328 353
726 328 61
350 326 386
433 326 259
310 325 4
616 324 379
573 323 275
592 322 388
380 320 96
674 320 83
792 320 80
47 320 72
271 320 8
400 319 171
241 318 185
629 318 75
439 317 303
391 317 203
869 316 389
220 316 284
630 316 196
326 314 279
192 314 20
752 312 275
302 312 247
954 312 21
694 310 211
159 310 112
867 309 303
955 309 44
528 308 378
189 308 353
164 308 323
896 308 273
539 307 327
429 307 153
514 304 288
86 304 35
295 303 240
716 303 89
13 300 173
593 298 274
501 297 332
381 295 228
799 294 163
669 293 9
90 292 281
475 292 84
69 290 31
868 288 362
379 288 358
432 286 390
320 286 185
926 284 54
680 283 347
632 283 304
834 283 256
486 282 21
284 281 186
71 280 266
339 280 149
79 279 280
807 278 3
917 277 104
846 276 109
445 276 40
529 275 364
12 275 280
26 275 160
40 275 52
362 274 220
344 273 178
130 272 388
818 271 194
668 270 162
667 268 164
717 267 181
513 266 239
975 265 75
708 264 350
131 264 296
24 264 85
382 263 386
182 260 298
52 259 293
64 259 226
947 259 122
335 258 365
168 258 319
843 258 10
204 257 245
548 256 174
556 256 10
607 255 227
652 254 143
94 254 25
871 251 370
208 249 285
859 249 259
698 249 254
229 248 326
873 248 300
578 247 220
907 247 85
774 245 263
649 243 277
929 242 77
741 241 57
983 239 68
46 237 165
230 236 181
266 235 185
181 234 389
480 234 21
772 232 199
559 232 144
536 232 117
322 231 361
661 230 63
957 229 244
1002 229 171
497 229 99
488 228 364
692 228 246
923 228 212
924 228 209
714 228 80
602 226 379
469 225 241
18 225 187
557 224 67
305 222 219
428 221 47
707 221 18
491 220 373
809 220 266
410 220 131
449 219 383
805 217 43
257 216 84
581 215 256
738 214 328
190 210 26
699 207 46
739 206 200
2 206 156
455 206 132
584 206 76
546 205 47
764 204 101
886 204 69
8 202 399
910 202 395
463 202 213
898 200 357
11 200 78
1010 198 383
583 198 332
744 198 47
446 197 257
888 195 231
296 193 272
38 192 187
223 192 128
806 192 112
360 190 277
406 187 370
83 187 332
301 187 136
838 187 122
877 186 355
329 184 127
81 183 85
358 181 319
811 181 213
986 180 371
158 180 324
171 179 372
453 179 316
857 178 390
625 178 290
209 175 257
370 175 255
914 175 21
317 174 164
710 174 54
748 173 332
328 172 293
278 172 264
397 172 201
671 172 14
563 171 36
462 170 90
897 169 149
146 168 337
121 168 293
534 167 398
399 167 79
967 167 13
882 166 202
91 165 217
974 165 43
921 164 136
387 162 170
66 161 390
976 160 378
817 158 328
769 158 89
800 156 341
148 155 390
802 155 231
552 155 154
842 154 377
512 154 247
524 154 208
127 152 392
784 152 383
981 150 384
54 150 363
273 150 185
7 148 224
757 148 168
936 148 136
697 147 362
847 146 253
92 143 389
245 143 312
141 142 227
821 142 23
308 141 74
318 140 63
530 137 278
402 136 385
785 135 292
101 135 261
95 132 108
722 131 336
911 131 309
53 131 63
831 130 229
701 129 197
120 126 180
731 125 165
564 122 341
851 121 398
972 121 213
375 121 208
679 120 343
349 120 108
874 120 87
750 119 269
647 118 340
858 118 98
425 117 189
285 116 223
711 115 338
903 115 179
252 114 288
411 113 294
644 113 163
582 113 15
75 112 102
415 112 12
255 111 197
1008 111 191
70 110 229
608 110 164
1005 109 276
258 109 164
753 107 160
132 106 36
237 105 100
458 104 6
303 103 354
540 103 298
825 103 177
854 99 362
944 99 52
376 97 340
478 97 30
622 95 164
351 95 153
721 94 151
343 94 86
822 93 89
307 92 52
542 92 25
790 91 50
126 91 29
579 90 254
621 90 90
918 89 101
63 88 1
527 87 17
356 85 128
966 84 32
998 83 246
207 83 45
293 82 218
588 82 30
249 82 22
175 81 271
676 78 70
849 77 311
173 75 371
751 74 180
916 72 312
508 72 47
298 71 250
336 66 371
468 66 264
369 65 360
835 60 203
724 58 343
363 58 217
390 57 220
483 57 135
374 56 15
878 55 206
720 54 210
461 53 154
165 51 350
650 49 202
300 49 70
103 49 1
347 47 3
106 46 358
706 46 305
520 45 173
359 43 236
946 42 396
544 42 314
442 41 337
291 40 335
150 40 318
795 40 75
464 39 1
17 38 332
1013 38 89
218 38 46
657 37 345
747 37 289
319 37 183
161 37 66
21 36 383
895 34 266
771 33 252
479 33 201
715 33 157
925 32 264
373 32 238
550 30 213
953 30 31
740 27 188
28 27 52
541 26 314
935 25 356
198 25 204
515 24 380
840 24 86
994 23 180
25 23 156
963 23 49
334 23 39
905 23 27
938 21 263
421 21 19
5 20 246
155 20 168
623 20 27
845 19 363
424 17 352
465 17 252
324 17 171
435 16 276
824 16 131
570 15 121
690 14 314
893 14 168
939 14 42
197 13 214
725 13 73
990 13 72
215 13 2
682 11 274
332 9 329
855 8 198
44 8 38
700 6 275
196 6 102
264 5 272
430 4 213
183 3 29
775 2 85
274 1 41
850 1 22
619 0 344
492 0 171
733 0 77
254 399 81
409 399 22
1011 397 155
214 397 72
549 396 104
3 395 393
122 395 38
932 392 42
631 389 189
597 387 77
472 386 209
145 385 349
1009 385 139
996 385 11
883 384 355
248 384 345
589 384 23
33 383 377
836 383 325
482 382 336
670 380 216
427 380 161
262 379 218
585 379 206
532 375 42
414 375 18
156 374 345
985 374 73
642 371 338
467 371 150
875 370 148
200 370 101
899 370 4
420 367 144
545 367 24
137 366 351
518 366 211
574 366 1
734 365 346
102 364 176
59 363 335
419 362 390
96 362 322
687 362 228
987 362 8
879 361 314
681 361 173
134 360 133
166 359 211
922 359 198
270 359 15
755 358 215
68 357 394
416 357 303
595 357 236
1007 357 23
576 356 334
533 354 205
627 353 342
523 352 354
727 351 172
852 351 167
281 347 338
591 347 290
537 347 205
444 347 194
22 346 75
942 346 31
553 346 12
705 345 114
162 344 265
30 343 389
394 342 57
246 341 299
803 339 144
109 337 119
118 336 55
902 335 97
598 334 178
149 334 127
880 332 347
315 332 259
116 332 65
34 332 30
767 331 222
234 331 148
476 330 107
16 329 117
565 329 84
348 328 332
558 328 269
773 328 75
940 327 97
154 325 303
250 324 239
506 324 37
919 322 307
862 322 235
516 322 207
931 321 198
157 320 146
703 320 121
1012 320 75
232 319 384
313 318 277
968 317 384
912 317 38
151 315 83
691 314 139
730 313 41
185 313 2
920 312 166
798 312 117
551 311 73
338 310 33
580 307 340
395 307 52
531 305 344
438 305 177
163 304 378
502 303 86
828 302 59
436 301 89
457 299 341
759 299 272
904 297 257
108 294 162
115 294 133
999 292 299
485 291 176
117 291 1
228 290 341
648 288 363
39 288 168
178 287 273
316 286 66
213 285 233
396 285 118
489 285 90
656 284 95
9 282 380
948 281 274
891 279 277
51 276 388
1003 276 345
404 274 344
844 274 170
600 274 145
29 274 91
128 273 127
970 273 126
685 273 54
768 272 373
820 272 259
226 272 245
1000 271 224
677 271 139
562 270 92
640 268 179
259 268 68
815 267 251
952 266 17
778 265 160
172 265 49
737 264 208
78 264 152
937 263 361
384 262 341
289 260 57
992 260 8
261 259 376
839 258 127
781 257 269
885 257 158
870 257 125
216 256 119
770 255 131
481 255 109
814 253 351
418 253 193
174 253 4
473 252 355
991 252 297
729 252 228
620 251 262
110 251 232
510 251 41
865 249 373
205 249 91
606 248 270
571 248 121
247 245 205
321 245 95
945 245 20
385 244 27
160 241 361
613 241 316
927 240 285
826 240 282
684 240 126
74 237 242
45 237 8
611 236 395
80 236 387
686 236 324
388 236 209
251 236 121
169 236 92
962 235 391
594 235 229
392 234 269
87 233 214
386 233 113
908 232 290
641 232 241
894 231 54
749 231 18
113 230 117
554 230 58
72 228 23
99 227 91
36 227 55
982 227 4
762 226 361
995 226 38
989 225 258
683 224 223
170 224 218
279 224 153
609 223 344
280 222 141
517 221 346
522 221 292
459 219 390
184 219 253
709 219 17
856 218 194
760 216 339
663 214 372
0 214 241
366 214 152
124 213 292
265 212 397
67 212 42
352 211 364
224 211 308
610 211 110
297 209 233
231 208 191
340 208 170
702 207 172
495 205 77
718 205 56
881 203 232
206 203 108
951 202 272
466 202 271
626 201 322
210 201 226
494 200 69
454 198 174
236 198 141
743 197 9
221 196 153
913 194 388
256 192 274
107 192 178
634 191 230
509 187 315
615 187 181
225 187 25
569 186 231
713 184 341
605 184 154
538 181 116
477 179 333
645 179 285
958 178 102
841 176 309
240 174 395
73 174 363
732 173 369
525 173 233
286 172 285
10 171 238
55 170 319
1001 169 315
364 169 310
144 168 23
590 166 69
673 165 267
984 165 253
587 165 79
672 165 14
98 164 226
62 164 21
153 163 131
104 162 323
105 162 183
267 159 294
378 159 88
819 157 201
934 157 80
212 156 306
235 156 163
49 154 235
889 153 151
217 151 355
901 151 20
393 148 144
1 148 120
88 148 17
37 147 285
372 147 166
728 147 110
437 146 92
965 144 372
193 143 46
490 142 390
277 142 270
979 140 367
971 140 228
639 140 5
243 138 314
341 138 125
180 137 345
961 137 318
20 137 223
403 137 214
577 137 145
560 137 3
114 134 295
823 134 80
100 134 35
787 133 383
756 133 235
693 133 198
97 131 220
333 130 225
423 129 335
371 129 276
547 127 105
887 127 50
179 126 201
780 125 237
643 125 174
654 124 155
199 124 96
659 122 293
604 121 376
746 121 349
915 121 204
498 120 82
719 119 67
203 117 62
448 116 389
832 115 118
675 114 167
112 112 319
993 112 67
504 112 20
637 110 363
337 109 195
89 108 391
575 108 190
892 108 175
997 108 157
119 108 76
964 107 136
76 107 123
405 106 337
660 106 259
167 104 246
346 104 136
830 101 290
272 99 274
782 99 171
988 98 55
665 97 259
152 97 177
239 97 121
507 96 236
812 95 157
796 93 126
123 93 79
493 92 237
426 91 387
32 89 294
779 89 51
827 88 388
651 88 322
188 88 125
555 88 18
816 87 320
499 87 208
222 87 122
884 87 32
543 86 235
260 84 218
662 83 259
276 82 244
263 80 396
330 80 318
452 80 112
511 80 108
417 79 247
863 78 202
950 77 162
85 77 47
736 75 319
42 74 311
960 72 322
638 72 288
407 72 25
434 71 380
766 71 310
61 70 33
147 70 30
599 69 231
111 69 146
980 69 112
253 69 80
401 69 29
612 68 42
201 67 141
633 66 255
282 65 316
135 65 221
788 64 344
956 64 103
783 63 245
786 63 16
176 61 213
566 60 120
311 60 62
288 59 280
745 56 369
808 56 311
327 55 363
794 54 118
521 51 193
238 50 331
287 50 228
242 49 19
943 48 217
65 48 209
617 48 204
314 47 392
567 47 335
377 47 312
219 47 50
833 46 144
655 46 143
601 45 270
635 45 81
186 44 286
312 44 216
804 39 151
500 38 306
306 36 334
776 32 269
15 32 63
653 32 55
294 30 274
646 30 185
292 29 108
460 28 207
526 28 63
177 27 98
233 25 309
353 25 271
31 25 265
503 24 246
484 23 385
761 23 170
140 21 66
269 20 322
496 20 195
837 20 147
861 20 39
27 18 389
723 17 184
398 15 17
389 13 279
227 13 59
742 13 43
586 11 386
84 11 381
906 9 33
56 7 234
930 6 300
440 6 169
797 6 59
624 5 293
142 5 228
866 5 105
664 5 15
14 3 345
450 3 130
133 2 353
361 399 371
900 399 339
568 399 107
187 396 317
860 396 85
275 395 20
636 394 309
959 393 252
43 393 7
57 391 311
202 390 378
367 389 319
323 388 356
614 388 79
35 387 388
618 387 324
763 386 298
977 386 146
