1123
103 1172 456
106 1166 394
349 1161 1012
108 1141 290
535 1136 1125
368 1136 1085
669 1135 777
1038 1082 98
70 1046 380
604 1034 1050
736 1011 788
918 1002 264
781 1002 208
1103 953 995
1069 904 1004
455 868 347
1072 864 563
163 858 1004
799 844 543
987 844 371
1079 834 868
365 826 1096
327 825 12
235 802 592
975 802 552
277 791 358
384 791 326
28 784 1128
171 780 1050
1027 716 454
151 690 190
388 688 667
224 669 48
46 636 1120
871 625 273
467 625 241
1061 622 918
429 598 1058
802 598 1038
444 593 241
281 585 405
985 585 375
72 584 918
419 581 834
548 578 1058
674 570 510
7 555 405
82 542 510
653 525 414
221 525 380
109 520 248
357 503 927
458 491 414
558 481 949
637 464 248
963 443 897
706 407 897
35 380 255
1036 277 1118
67 267 1008
765 245 226
691 245 202
547 237 978
289 223 695
203 221 202
68 209 834
117 180 262
649 158 262
1097 153 586
582 153 566
423 145 957
292 145 911
603 136 443
264 136 419
854 133 586
418 133 566
387 130 328
190 71 421
900 71 395
907 41 173
386 33 975
570 930 495
270 636 1121
1087 532 764
275 210 738
636 1132 895
340 1081 98
715 1046 494
833 1044 496
848 1001 208
725 954 995
283 947 264
948 863 500
97 858 1049
343 834 867
698 834 803
318 780 228
974 728 48
947 721 1009
950 689 715
949 532 763
966 525 1131
782 483 55
85 464 303
1104 435 764
543 430 1091
361 381 255
469 348 928
841 347 929
702 292 928
69 290 454
254 289 121
335 277 1117
914 235 105
628 228 1161
1070 143 103
681 92 702
177 78 871
1120 56 1088
378 55 1197
865 42 123
818 40 752
1094 40 684
955 23 816
170 1199 777
693 1141 289
307 1141 255
14 1136 1124
84 1136 103
880 1135 775
665 1124 645
195 1124 615
94 1123 614
989 1122 928
823 1121 961
389 1106 290
940 1097 1125
490 1096 1124
1078 1092 645
363 1044 1140
360 1001 1139
169 977 88
588 966 28
1029 965 29
1050 945 788
1065 932 381
370 923 29
968 909 922
215 907 158
47 879 922
15 879 890
463 878 891
780 833 867
1060 802 553
523 791 357
513 791 327
421 790 358
899 768 804
596 763 592
514 760 326
86 716 455
409 715 454
881 703 624
1089 702 625
599 702 533
755 690 188
960 653 832
911 632 190
196 624 273
402 624 241
451 616 625
926 616 533
503 594 241
961 593 242
425 585 376
1051 584 919
0 584 405
743 584 375
896 556 375
445 555 404
607 555 376
75 529 765
253 524 414
557 524 380
903 443 896
111 443 862
473 442 897
515 441 213
728 436 764
773 435 763
748 428 360
991 413 623
951 383 458
936 369 623
800 341 1052
250 301 615
437 301 321
598 289 120
286 279 1118
727 238 1008
44 234 11
497 225 615
40 192 179
654 191 144
619 188 455
220 157 180
984 157 144
296 156 145
102 155 702
584 154 765
449 152 1059
585 152 1027
364 130 287
537 129 328
12 129 286
58 110 32
1054 88 287
539 56 1197
573 55 1196
375 1174 506
1057 1172 458
1074 1135 105
1116 1134 190
288 1133 893
640 1132 894
924 1132 846
912 1131 895
925 1131 845
946 1084 846
908 1082 54
324 1081 53
839 1037 53
776 1036 96
645 1010 854
927 1008 994
708 1002 210
238 979 157
572 953 993
62 947 263
861 945 855
27 934 381
372 932 494
191 909 89
210 904 1006
840 868 370
740 867 371
810 867 347
309 860 421
703 859 1005
803 858 1048
789 845 371
767 844 370
356 844 348
200 826 1094
957 825 35
32 825 13
204 824 12
54 801 35
687 785 1185
657 780 1094
494 780 177
568 738 1124
1016 736 669
635 720 1055
420 702 624
428 690 667
240 689 714
471 675 1008
269 582 832
125 569 1130
508 569 510
1035 542 509
1014 532 761
48 531 762
152 519 303
682 466 304
22 466 248
859 426 299
849 425 300
176 424 301
95 398 52
747 381 256
492 380 299
522 361 49
741 347 928
1052 346 929
670 300 615
663 291 557
1064 291 47
51 290 558
851 245 203
267 244 226
1 244 202
135 233 11
853 225 694
280 223 692
777 223 618
76 222 226
30 221 225
988 213 834
251 187 557
132 160 1088
460 160 442
236 160 420
852 159 443
836 159 419
754 145 913
156 143 911
333 136 420
589 100 912
239 97 420
717 96 395
60 72 421
813 71 420
130 71 396
1059 40 686
701 24 816
385 23 869
456 23 817
758 1199 776
811 1167 392
895 1141 256
965 1137 712
367 1136 1087
332 1136 713
602 1135 1086
39 1134 107
980 1107 290
341 1107 254
1100 1097 1124
81 1096 1123
310 1056 827
730 1056 807
205 1044 1181
141 1044 1141
282 1043 1182
1030 1043 1140
1034 1043 493
248 1035 828
328 1035 806
962 1034 1069
1110 1034 1051
1080 1034 807
575 1033 1070
110 1033 1050
186 1015 1050
660 1014 1069
410 1014 1051
745 1009 942
905 1008 993
892 1008 941
1107 1006 995
290 995 664
655 994 665
744 978 157
824 975 160
952 946 211
531 934 603
234 932 605
756 931 664
561 924 29
986 909 158
967 907 156
998 864 562
845 864 544
529 863 563
882 863 543
564 861 499
672 845 563
680 845 543
826 844 562
1114 844 544
618 842 1131
888 801 591
172 801 553
87 786 500
96 783 425
611 768 865
794 727 47
1058 700 533
832 689 188
897 688 131
29 669 45
64 653 830
211 630 187
185 621 919
34 620 956
774 618 625
158 617 534
123 616 623
1022 598 1057
921 598 1039
247 597 1058
867 597 1038
768 586 956
650 586 918
382 585 955
919 585 919
150 584 920
304 578 1057
856 578 1039
45 530 214
100 503 948
920 502 927
1109 482 949
648 482 927
942 465 250
164 442 896
616 435 671
956 427 431
877 425 433
440 411 624
183 411 580
219 407 863
147 383 552
291 361 50
443 356 358
507 352 362
140 348 926
1021 345 929
124 342 277
796 340 1118
870 303 691
785 302 321
400 301 617
383 300 319
997 295 873
742 291 120
198 277 1115
366 232 105
1010 229 1162
17 228 1163
476 191 179
580 189 456
801 180 283
772 180 263
496 179 284
120 179 262
454 159 284
1081 159 262
181 158 283
729 157 145
923 156 178
1007 156 146
634 153 567
90 152 586
527 152 566
752 148 11
143 134 586
835 134 566
155 133 567
996 129 327
278 110 33
837 92 704
632 90 328
658 78 817
314 60 1088
898 55 1092
633 32 940
1019 31 975
165 25 870
1002 24 869
380 1132 893
1091 1130 845
483 1124 644
1032 1124 616
474 1123 615
465 1122 959
450 1121 960
559 1121 928
891 1120 961
77 1120 927
825 1094 614
982 1093 615
822 1092 616
1106 1090 927
711 1089 960
805 1088 929
1009 1084 847
506 1080 53
262 1079 52
1084 1046 489
821 1042 493
237 1039 98
869 1036 95
486 1010 853
302 995 663
475 995 607
935 946 855
217 910 920
549 910 892
578 909 891
601 904 1047
1056 901 1050
938 880 922
326 879 921
846 858 1047
9 858 501
893 834 864
876 833 865
315 830 868
526 829 177
424 828 176
546 826 1093
413 825 1094
879 824 1051
166 823 1050
762 791 356
433 790 357
928 790 327
502 789 358
571 787 500
26 783 1050
331 782 176
59 780 1053
978 770 804
279 760 357
396 759 356
553 759 328
1063 738 1126
718 733 667
66 721 1053
554 719 1055
246 716 456
1075 690 714
806 690 668
820 689 669
540 689 187
656 687 483
19 686 482
1037 686 456
885 676 1008
415 673 1053
623 672 47
566 669 44
828 642 1120
910 625 271
162 623 241
104 615 621
1033 593 271
1045 585 403
322 570 1174
858 568 1130
398 556 376
945 555 403
536 531 760
311 525 1133
79 524 413
646 524 381
510 497 1023
857 495 1091
188 493 414
977 493 380
775 491 412
700 491 382
1102 473 461
303 472 552
362 432 1090
719 429 1025
308 426 258
342 425 299
268 425 257
757 423 434
639 423 255
779 382 300
724 342 1115
683 298 695
972 292 460
563 290 555
1031 267 1006
819 266 1007
416 266 979
592 265 1008
620 238 1007
784 237 980
133 236 16
872 232 104
493 210 829
468 189 458
797 183 1057
542 183 1029
1096 157 1088
11 155 762
394 153 764
339 151 1029
427 145 914
759 101 956
816 101 912
532 96 701
1113 95 702
80 91 126
453 68 537
569 60 1089
213 42 125
933 37 752
101 1198 775
844 1170 394
678 1167 391
675 1140 777
478 1138 775
538 1136 1122
173 1099 1085
953 1097 1123
694 1046 487
337 1045 489
379 1043 1181
544 1039 495
863 1037 380
778 1009 943
624 1002 1140
834 1002 212
979 1001 1181
901 977 157
119 976 90
16 965 27
187 950 208
1066 946 260
995 936 382
576 931 387
873 930 388
600 925 29
121 912 160
276 910 158
915 861 425
91 859 499
860 841 1183
875 840 1130
393 829 226
732 829 178
560 801 554
222 800 591
138 799 552
878 787 1185
56 787 423
944 784 1182
1053 782 177
917 780 225
533 772 803
817 768 863
615 764 553
941 763 590
306 701 536
391 653 829
178 650 832
712 570 508
922 570 484
753 569 509
23 569 483
462 568 510
466 568 482
209 543 509
581 543 483
808 542 508
439 532 122
122 518 250
417 517 303
1043 467 303
43 465 301
78 442 122
545 441 209
764 431 1088
179 411 623
733 411 581
890 410 624
399 402 53
297 385 460
667 381 464
1047 372 580
294 371 623
426 371 581
505 358 120
432 358 48
194 347 876
791 346 927
407 345 928
664 344 929
913 344 318
258 303 689
249 302 742
351 300 618
447 300 318
485 300 280
787 299 739
1071 297 695
381 297 615
8 293 121
233 292 925
71 281 1165
731 279 1163
593 279 1055
4 233 14
197 229 1163
696 227 617
686 225 691
127 214 740
10 191 557
6 145 16
442 130 325
313 128 287
180 127 328
530 110 34
452 97 419
271 96 420
750 96 396
541 95 395
376 91 328
350 90 327
643 79 867
245 78 818
316 73 421
737 73 395
916 72 420
884 71 397
404 69 33
272 68 34
265 66 632
1073 64 634
42 59 1195
299 58 1194
344 53 314
651 49 238
113 40 688
684 37 751
707 36 752
688 1174 504
128 1174 458
1046 1173 503
504 1164 1081
348 1140 256
243 1140 192
647 1139 289
1006 1139 255
690 1138 290
904 1138 254
771 1138 106
160 1132 892
638 1130 846
677 1122 958
1108 1121 929
1048 1120 960
57 1119 961
662 1106 256
1003 1091 961
115 1089 959
334 1084 848
721 1082 56
518 1081 95
735 1078 98
52 1078 52
49 1041 385
583 1039 97
868 1038 54
519 1037 95
112 1036 56
207 1010 793
520 979 154
812 948 855
746 946 791
610 945 852
550 945 792
709 943 850
1024 943 794
477 934 605
345 913 88
63 910 91
182 907 154
722 904 1046
517 902 1006
788 900 1004
330 868 369
2 867 348
969 866 371
319 861 426
105 860 497
459 859 498
1055 846 347
371 845 370
301 844 349
516 842 1181
699 825 1053
228 825 14
202 824 1094
929 824 35
74 824 13
605 823 12
403 803 36
1017 802 35
671 801 34
377 801 14
831 787 1130
431 786 497
1092 785 1182
317 785 1132
411 784 1050
274 782 1094
751 736 711
1004 734 1124
263 720 1053
710 720 1011
697 718 1009
20 692 715
556 688 711
13 688 133
499 677 1008
154 674 1053
293 649 832
148 621 954
591 621 920
954 620 919
973 618 622
435 587 918
359 586 919
244 586 763
159 583 830
738 583 766
55 567 1176
1112 567 1130
412 532 757
714 530 211
579 529 1176
528 527 1174
676 527 762
685 525 383
320 524 382
501 522 380
1098 499 1027
149 494 1022
137 494 414
397 493 381
354 491 383
586 481 51
889 468 554
395 443 894
1005 443 864
847 442 895
18 441 896
414 439 762
392 439 206
1020 431 1087
405 426 297
644 425 431
352 408 895
295 408 863
1090 400 50
930 382 257
227 381 298
157 352 364
804 305 746
142 291 552
369 245 224
489 245 204
1068 244 225
134 243 202
641 228 693
61 223 226
970 222 225
498 222 203
199 221 224
1067 211 828
408 192 147
93 191 178
1011 190 179
886 190 145
815 188 553
883 160 441
790 160 421
793 159 442
216 159 420
261 159 180
795 159 144
1076 158 419
1119 157 178
1042 156 177
41 153 763
679 144 18
761 143 955
436 142 956
401 138 419
464 137 442
1023 137 420
242 136 441
193 136 421
760 103 911
338 101 913
829 96 764
932 94 762
855 88 124
83 87 123
689 70 627
92 66 537
1095 63 634
174 50 240
24 49 239
629 41 127
145 39 688
567 38 687
630 37 686
606 36 685
609 32 941
511 31 940
88 0 975
976 1177 506
992 1177 456
353 1175 458
487 1174 503
259 1173 460
161 1171 340
25 1169 392
716 1168 1084
214 1168 343
1121 1167 344
184 1166 1082
1018 1165 1015
786 1161 1077
959 1137 188
1082 1135 1122
305 1135 1088
118 1134 1123
329 1133 1086
1041 1133 890
126 1132 1125
612 1132 1085
373 1130 893
167 1124 643
770 1123 644
50 1122 615
260 1121 614
1093 1099 1124
937 1099 1086
257 1098 1087
488 1095 646
666 1095 614
792 1093 644
642 1093 616
1117 1092 617
232 1084 891
5 1084 849
481 1056 826
136 1055 807
981 1054 828
705 1042 1141
597 1041 1182
1115 1041 1140
902 1040 1183
521 1035 827
887 1035 807
617 1034 1068
273 1034 1052
783 1034 826
146 1033 1069
827 1033 1051
336 1032 1050
1111 1016 1070
1039 1015 1069
206 1015 1051
256 1014 1068
1122 1014 1052
114 1009 944
713 1007 942
241 1004 1183
33 1003 1182
1118 1001 1180
430 1000 211
590 994 662
491 991 605
472 973 159
1062 973 89
1001 972 160
842 966 25
625 949 262
906 947 260
943 934 606
438 931 661
1026 923 26
766 909 920
749 907 153
1101 881 922
769 880 921
661 880 891
448 864 545
325 863 562
565 862 563
300 862 543
814 859 497
441 856 422
934 855 501
763 846 563
524 845 562
168 845 544
999 844 561
595 834 862
208 833 807
862 831 865
1015 828 178
479 826 176
192 801 589
321 800 590
723 800 554
850 799 591
577 798 592
1012 791 355
99 790 328
864 789 423
704 788 326
695 784 428
668 784 228
284 782 178
652 780 180
1040 773 803
285 772 866
38 766 592
739 763 589
673 762 556
613 762 326
931 760 356
1008 733 1125
512 716 481
993 716 457
994 715 456
983 713 484
484 713 454
562 700 537
622 689 454
1000 687 456
153 686 481
131 686 188
964 673 46
807 670 43
509 650 766
470 630 136
434 625 270
1086 624 271
1105 624 243
116 623 272
347 622 625
1085 598 1056
552 597 1057
909 597 1039
692 596 1058
457 596 1038
266 596 241
555 595 242
594 594 271
574 593 270
390 588 762
374 585 402
798 585 378
1049 583 829
587 583 404
223 582 828
346 580 1038
525 579 1039
551 578 1056
37 578 1040
298 557 404
231 556 377
866 555 402
1044 555 378
65 530 758
189 527 119
894 526 214
21 526 118
1028 518 251
461 515 304
1025 503 947
446 502 928
144 501 927
226 497 1026
175 495 1088
225 493 1090
355 483 927
36 482 948
129 482 928
971 482 49
838 481 947
107 469 304
255 435 1090
621 432 1087
3 411 582
958 409 580
229 389 458
312 373 624
608 371 622
98 358 118
1088 348 924
480 346 876
726 344 317
252 343 1112
482 343 1058
139 343 873
614 342 319
358 340 1055
1099 340 321
406 340 277
843 303 278
627 302 319
534 302 279
990 301 280
1077 298 740
809 297 929
830 295 875
659 293 925
212 291 551
422 279 1164
626 277 1112
31 276 1161
874 267 1005
89 267 981
218 266 1006
939 266 980
495 265 1007
1013 264 978
734 240 978
73 238 1006
1083 238 980
720 232 1161
323 231 1162
500 230 13
287 227 1166
631 213 829
230 183 1030
53 182 1057
201 182 1029
