6257
5656 1124 1703
91 1145 1667
1429 1132 1693
4794 1128 1646
4125 1126 1703
4018 1122 1665
5225 1114 1665
4515 1103 1691
5025 1099 1697
5298 1091 1703
1508 1087 1687
3811 1158 1651
350 1157 1645
6196 1151 1639
3962 1149 1638
2037 1142 1639
101 1138 1630
121 1109 1708
3381 1109 1626
286 1107 1635
5065 1096 1633
5480 1092 1646
3334 1086 1641
3816 1082 1646
2593 1068 1673
5364 1538 1640
4889 1536 1648
261 1536 1638
745 1535 1654
2826 1534 1654
9 1534 1652
5828 1533 1625
5247 1532 1643
1144 1532 1630
2516 1531 1662
2528 1531 1646
2209 1530 1658
71 1530 1638
2294 1530 1622
411 1529 1645
115 1528 1666
6032 1528 1642
4762 1528 1626
195 1528 1624
2228 1527 1662
6217 1527 1660
2458 1527 1657
2747 1527 1649
3751 1527 1641
106 1526 1663
4807 1526 1662
2922 1526 1661
6047 1525 1624
5180 1524 1644
2224 1524 1643
3672 1524 1628
2306 1523 1664
128 1523 1639
3151 1523 1634
4555 1523 1607
4852 1521 1665
3911 1520 1664
2668 1520 1660
2365 1520 1637
2850 1520 1632
3656 1520 1620
2381 1519 1653
244 1518 1660
2424 1518 1647
701 1518 1644
4089 1518 1637
143 1518 1602
5891 1517 1641
1537 1517 1618
6226 1516 1633
4781 1514 1626
5057 1514 1602
3161 1513 1665
2320 1513 1650
869 1513 1648
2954 1513 1641
2419 1513 1629
5229 1513 1623
2870 1512 1665
1524 1512 1660
5716 1512 1644
2908 1512 1627
1362 1512 1597
1158 1511 1668
476 1510 1661
2847 1510 1630
2616 1510 1604
4628 1509 1641
993 1509 1597
4371 1508 1662
2080 1508 1649
4632 1508 1631
1339 1508 1596
331 1508 1593
3277 1507 1669
4856 1507 1636
2309 1507 1624
5893 1507 1607
1686 1506 1592
1252 1505 1641
1431 1505 1638
4899 1505 1632
4530 1504 1627
2948 1504 1601
3326 1504 1600
5807 1503 1657
2926 1503 1635
1782 1502 1659
2074 1502 1636
464 1502 1594
634 1501 1657
3055 1500 1595
478 1499 1639
5804 1498 1602
59 1496 1648
5751 1496 1639
1464 1496 1633
5433 1496 1605
4600 1495 1649
4158 1495 1633
5176 1495 1601
5559 1494 1663
1101 1494 1657
3101 1494 1638
3637 1492 1662
6189 1492 1605
4185 1492 1600
199 1491 1660
2477 1491 1652
5228 1490 1660
2881 1490 1656
1541 1490 1655
2912 1490 1645
4017 1486 1658
4012 1486 1607
1712 1485 1646
1237 1485 1605
2883 1484 1642
2749 1484 1628
336 1483 1647
640 1483 1644
4978 1483 1629
1888 1483 1626
2187 1483 1617
3789 1482 1644
3930 1482 1642
2608 1481 1644
4231 1481 1621
3023 1481 1610
1837 1480 1629
1318 1480 1626
439 1479 1654
133 1479 1652
3613 1479 1625
3666 1479 1618
1483 1478 1629
6018 1477 1631
1420 1476 1651
24 1476 1620
5429 1476 1612
4124 1475 1629
4629 1474 1641
1002 1474 1634
5554 1474 1629
1851 1473 1617
390 1473 1615
4718 1472 1638
447 1472 1636
5845 1472 1621
1706 1471 1627
3439 1469 1652
4866 1469 1650
1522 1469 1646
4739 1469 1627
5944 1468 1639
488 1467 1647
608 1467 1620
4330 1466 1620
2680 1465 1623
2377 1464 1646
5582 1462 1638
860 1461 1643
771 1460 1647
256 1459 1640
1492 1459 1631
4431 1171 1631
6165 1168 1648
6252 1161 1625
4573 1153 1623
4439 1134 1609
4525 1130 1607
4921 1128 1607
3963 1127 1609
867 1115 1628
1297 1109 1619
5048 1109 1614
5609 1106 1723
858 1088 1713
1215 1086 1718
5569 1082 1631
967 1062 1656
3273 1056 1696
38 1049 1687
753 1553 1669
352 1549 1652
4257 1547 1676
5685 1547 1647
699 1547 1633
4163 1545 1663
391 1544 1652
449 1544 1641
4368 1544 1629
4971 1543 1673
2939 1543 1649
4356 1543 1617
632 1542 1666
460 1542 1621
4152 1542 1620
1384 1541 1670
181 1541 1627
1146 1541 1622
5555 1540 1613
3583 1539 1668
1195 1538 1676
4863 1538 1663
2814 1538 1660
2905 1538 1628
5895 1538 1627
1853 1538 1614
1290 1538 1613
5762 1537 1681
2336 1537 1676
1728 1537 1668
98 1537 1661
4854 1537 1634
4255 1536 1658
4920 1536 1615
2621 1534 1681
4859 1534 1672
1674 1534 1668
2560 1534 1622
5763 1533 1621
2825 1533 1597
2726 1532 1679
19 1532 1616
2783 1532 1607
315 1532 1606
2011 1531 1682
1861 1531 1676
4873 1531 1666
5943 1529 1671
5755 1528 1609
4751 1528 1581
4470 1527 1668
3757 1527 1600
6248 1526 1679
5173 1526 1673
1445 1526 1617
332 1526 1579
3471 1525 1684
95 1525 1617
4512 1525 1597
60 1525 1593
499 1524 1605
4936 1524 1585
3176 1524 1580
2838 1524 1578
1907 1524 1577
3390 1522 1679
626 1522 1617
652 1522 1611
240 1522 1596
325 1522 1578
2656 1522 1575
1026 1521 1675
1143 1521 1671
1500 1520 1683
3820 1520 1594
4844 1520 1552
3049 1519 1575
4413 1519 1548
6228 1518 1616
207 1517 1676
319 1517 1611
4295 1517 1592
3453 1517 1591
3387 1517 1588
3483 1517 1581
2109 1517 1576
159 1517 1547
51 1517 1544
727 1516 1610
1111 1516 1583
1917 1516 1574
3691 1516 1573
787 1516 1566
1874 1516 1563
615 1515 1672
5302 1515 1592
4537 1515 1586
3398 1515 1565
2981 1515 1560
906 1515 1551
3431 1514 1680
4846 1514 1580
5146 1514 1568
4291 1514 1563
3552 1514 1556
2500 1514 1555
5868 1514 1540
855 1513 1571
6103 1513 1559
2829 1512 1568
3016 1512 1559
731 1511 1676
3249 1511 1674
4131 1511 1552
388 1511 1543
1226 1510 1580
2980 1510 1572
564 1510 1570
1008 1510 1562
4298 1510 1549
5407 1509 1587
1589 1509 1585
3588 1509 1580
337 1509 1570
4377 1509 1551
2044 1508 1672
765 1508 1575
994 1508 1552
710 1507 1564
4267 1506 1541
6129 1505 1669
595 1505 1580
1652 1505 1564
957 1505 1554
1822 1505 1546
367 1504 1566
4831 1504 1565
1767 1504 1564
5191 1504 1559
5924 1504 1539
4481 1503 1587
763 1503 1586
5207 1503 1573
3184 1502 1679
5537 1502 1671
3922 1502 1618
1349 1501 1678
2371 1501 1622
5331 1501 1621
3544 1501 1610
2755 1501 1572
281 1501 1538
6197 1500 1669
1155 1500 1588
5726 1500 1563
4057 1498 1588
2181 1498 1583
3517 1498 1581
1764 1498 1568
4198 1498 1552
2251 1498 1549
3907 1498 1543
5508 1497 1630
3815 1497 1619
1578 1497 1563
6092 1497 1541
5583 1497 1535
1565 1496 1590
2059 1496 1584
4655 1496 1579
317 1496 1566
606 1496 1554
6149 1496 1540
5776 1496 1531
1438 1495 1677
3269 1495 1613
1613 1495 1589
4817 1495 1571
2373 1494 1620
3650 1494 1554
4679 1494 1551
3902 1494 1547
5035 1493 1675
3276 1493 1625
938 1493 1588
2533 1493 1557
4888 1493 1555
418 1493 1542
5265 1492 1593
5294 1492 1590
1812 1492 1585
3317 1492 1583
3067 1492 1535
5499 1491 1664
4911 1491 1616
3750 1490 1672
4816 1490 1577
1137 1489 1665
823 1489 1664
6218 1489 1630
6162 1489 1619
2056 1488 1627
643 1488 1594
459 1488 1577
5349 1487 1623
3331 1487 1583
5345 1487 1582
3294 1487 1544
4463 1486 1626
102 1486 1592
1245 1485 1545
4713 1485 1534
4616 1484 1550
4228 1483 1664
5938 1483 1661
1036 1483 1599
4156 1483 1572
3784 1483 1554
4182 1482 1596
2773 1482 1566
6214 1482 1553
5284 1481 1602
2643 1481 1552
2426 1481 1547
3180 1481 1541
1676 1481 1535
5989 1480 1602
1647 1480 1545
1238 1480 1536
5749 1479 1543
2688 1479 1542
2665 1479 1537
5872 1478 1553
517 1478 1552
2733 1477 1564
1412 1477 1550
1935 1477 1547
3030 1476 1546
1134 1474 1560
939 1474 1554
4039 1473 1656
1538 1473 1608
416 1469 1609
6 1467 1653
4532 1465 1662
2531 1462 1620
1163 1460 1653
5038 1459 1655
1597 1459 1648
5481 1459 1613
3943 1457 1663
1458 1457 1657
2379 1457 1648
1176 1456 1662
1630 1453 1617
1543 1452 1661
1733 1452 1634
4351 1452 1633
3444 1452 1624
5363 1451 1646
3408 1451 1638
2903 1451 1623
4084 1450 1643
1941 1450 1636
766 1449 1656
4692 1448 1653
5272 1448 1631
4880 1447 1620
961 1445 1661
4743 1445 1620
4003 1444 1659
816 1444 1621
4174 1443 1658
5283 1443 1632
5028 1442 1632
5973 1441 1650
1747 1441 1628
4495 1440 1660
3117 1439 1637
4145 1437 1640
839 1437 1635
1149 1437 1628
760 1434 1656
6132 1433 1660
3258 1433 1651
4047 1433 1635
2342 1430 1659
5543 1430 1655
3021 1430 1638
1800 1427 1652
892 1426 1640
2800 1422 1648
3543 1421 1657
1665 1418 1653
3912 1414 1664
3232 1413 1665
3497 1412 1664
2100 1411 1665
6078 1401 1656
109 1399 1660
234 1398 1657
69 1395 1666
4030 1395 1662
3579 1390 1664
2097 1386 1661
1468 1188 1636
2945 1184 1626
2129 1180 1641
3162 1169 1619
3178 1163 1620
88 1155 1613
4642 1122 1606
1783 1118 1599
2634 1116 1624
3671 1115 1600
5222 1111 1603
613 1110 1739
589 1098 1735
6099 1092 1613
5051 1069 1632
5781 1066 1629
5557 1058 1637
1684 1049 1641
2996 1047 1705
2238 1044 1708
3969 1041 1654
3367 1037 1721
5067 1033 1706
2609 1032 1690
6039 1020 1660
5155 1015 1676
5886 992 1659
676 992 1658
2615 1591 1766
1221 1589 1769
6075 1589 1704
2227 1588 1698
3362 1588 1687
1415 1588 1684
3900 1587 1701
4758 1587 1666
723 1586 1696
5208 1586 1686
2007 1586 1683
4476 1585 1769
3996 1585 1714
3333 1585 1705
5720 1585 1667
1184 1584 1775
210 1584 1718
1910 1584 1663
4865 1583 1776
1248 1583 1774
5245 1583 1773
1958 1583 1689
3240 1582 1684
885 1582 1679
6104 1582 1666
4388 1582 1660
103 1581 1777
2222 1581 1771
663 1581 1683
2573 1580 1774
5668 1580 1717
4810 1580 1711
5599 1580 1666
4770 1580 1658
5798 1579 1710
4558 1579 1687
5081 1579 1675
1074 1579 1660
5961 1579 1657
4950 1578 1715
5195 1578 1713
4304 1578 1708
2994 1578 1707
5815 1578 1702
4417 1578 1652
2451 1577 1773
253 1577 1718
3081 1577 1717
4345 1577 1701
6249 1577 1691
3865 1577 1685
5362 1576 1711
6079 1576 1704
4884 1576 1694
461 1576 1667
1628 1576 1662
3663 1576 1652
3837 1575 1774
2518 1575 1720
4916 1575 1718
6070 1575 1680
648 1575 1654
5978 1574 1729
4914 1574 1725
3992 1574 1721
2940 1574 1679
3849 1574 1666
707 1574 1665
3706 1574 1659
403 1574 1651
3521 1573 1774
3770 1573 1688
1841 1573 1673
1906 1572 1682
6135 1572 1676
3534 1571 1708
5159 1570 1721
3442 1570 1695
2982 1570 1688
1061 1570 1663
276 1570 1657
5091 1570 1650
400 1569 1695
363 1568 1668
2553 1568 1667
2142 1568 1659
582 1568 1658
3351 1567 1785
1956 1567 1732
238 1567 1731
3771 1567 1710
2362 1567 1708
5912 1567 1667
4085 1566 1725
2318 1566 1715
217 1565 1718
5144 1565 1716
4404 1565 1709
4890 1565 1689
919 1565 1674
4997 1564 1730
3736 1564 1721
6256 1564 1706
3394 1564 1701
2901 1564 1688
329 1563 1737
3936 1563 1716
5675 1563 1679
848 1562 1722
3530 1562 1676
6178 1562 1665
4072 1562 1656
2654 1561 1739
3916 1561 1724
2525 1561 1708
2301 1561 1699
3982 1561 1666
2646 1560 1714
2355 1560 1697
3159 1560 1695
5834 1560 1679
5044 1560 1670
1663 1560 1660
273 1560 1648
4428 1559 1714
6238 1559 1704
1717 1559 1703
4272 1559 1671
535 1559 1653
1280 1558 1707
4528 1558 1676
5532 1558 1672
1724 1558 1649
2004 1557 1732
1646 1557 1714
3242 1557 1711
1305 1557 1705
462 1557 1668
3248 1557 1643
3376 1557 1639
3348 1557 1638
4764 1556 1701
28 1556 1685
3565 1556 1675
2446 1556 1662
3020 1556 1661
354 1556 1652
230 1556 1651
5029 1556 1648
2160 1556 1641
1571 1556 1630
5775 1555 1703
2705 1555 1697
2527 1555 1696
4579 1555 1655
6167 1555 1631
4451 1554 1716
619 1554 1703
4367 1554 1644
782 1554 1640
3600 1554 1636
5485 1554 1634
1220 1554 1623
1124 1553 1714
1302 1553 1707
465 1553 1699
3315 1553 1698
2361 1553 1665
90 1553 1658
2413 1553 1639
3344 1552 1731
3026 1552 1726
242 1552 1696
4465 1552 1694
419 1552 1672
2984 1552 1665
1703 1552 1638
5006 1552 1635
5379 1552 1620
3629 1552 1613
5597 1551 1724
661 1551 1713
3556 1551 1655
5315 1551 1648
2906 1551 1631
2772 1550 1705
833 1550 1699
1450 1550 1691
3389 1550 1689
1309 1550 1666
4374 1549 1722
1546 1549 1707
6028 1549 1627
2851 1548 1714
1257 1548 1713
988 1547 1736
485 1547 1732
5113 1547 1731
2280 1547 1722
2921 1547 1719
160 1547 1701
3405 1547 1610
1104 1546 1622
1866 1545 1613
155 1544 1601
5127 1544 1571
5342 1544 1563
123 1544 1554
5424 1543 1608
5892 1543 1592
1071 1543 1576
4710 1543 1569
3406 1543 1565
4646 1543 1550
5742 1542 1576
1023 1542 1569
2835 1542 1562
539 1542 1557
1849 1541 1594
6181 1541 1581
2164 1541 1575
5220 1541 1572
4989 1540 1680
4168 1540 1595
4293 1540 1582
685 1540 1568
5503 1540 1565
2925 1539 1597
2644 1539 1576
2386 1539 1570
1171 1539 1562
3715 1538 1586
4014 1538 1571
2021 1538 1565
5643 1538 1554
305 1537 1608
2918 1537 1590
2135 1537 1541
5620 1536 1557
5988 1536 1550
2757 1536 1541
5945 1535 1585
250 1535 1548
3100 1534 1581
1525 1534 1579
5604 1534 1558
978 1534 1542
4311 1534 1540
6095 1533 1586
2647 1533 1568
3917 1532 1544
3878 1531 1577
3524 1531 1567
6247 1531 1554
4870 1531 1537
1714 1531 1532
1319 1530 1579
3478 1530 1572
3233 1529 1563
3436 1529 1545
1694 1529 1540
5564 1528 1534
5108 1527 1569
2869 1527 1563
3944 1527 1557
4742 1527 1529
5419 1526 1558
4052 1526 1537
3274 1526 1529
1792 1525 1692
4556 1525 1564
410 1525 1554
2963 1525 1529
547 1524 1688
525 1524 1545
5982 1524 1530
2724 1523 1693
4913 1523 1690
5330 1523 1687
3166 1523 1527
5665 1522 1693
1754 1522 1546
284 1522 1528
4659 1521 1688
2302 1521 1540
5361 1520 1691
3193 1520 1688
2966 1520 1686
976 1520 1534
806 1520 1528
1249 1519 1690
5147 1518 1539
4577 1518 1529
3622 1518 1527
99 1516 1694
1625 1516 1534
6034 1515 1693
2144 1515 1536
1477 1515 1535
3919 1513 1523
605 1512 1694
5584 1511 1534
1388 1509 1691
598 1509 1524
5338 1509 1518
4281 1508 1526
3425 1507 1688
2392 1507 1530
5745 1506 1521
780 1504 1682
3951 1504 1532
3643 1504 1523
2268 1503 1685
3831 1503 1518
4720 1502 1520
6157 1500 1518
4358 1498 1687
847 1496 1684
4485 1494 1611
3923 1493 1685
3409 1492 1612
879 1492 1518
1725 1490 1524
3458 1490 1519
2407 1489 1527
3702 1488 1685
3554 1488 1610
5711 1488 1522
5800 1487 1557
3229 1487 1522
5446 1486 1679
3630 1486 1520
4133 1485 1684
718 1485 1566
5977 1484 1582
2878 1484 1532
5790 1484 1529
3668 1483 1592
3574 1483 1525
2180 1482 1674
2260 1482 1672
1446 1482 1593
5969 1482 1590
2447 1482 1526
2030 1481 1685
5910 1481 1679
2429 1481 1673
3735 1481 1585
2425 1481 1527
1696 1480 1594
2246 1480 1531
916 1480 1524
5623 1479 1673
5310 1479 1591
609 1479 1587
4898 1478 1599
3380 1478 1572
2370 1477 1583
6100 1477 1576
1737 1477 1531
194 1476 1674
1761 1476 1569
3222 1476 1525
800 1475 1587
2722 1475 1567
1545 1474 1565
1607 1473 1542
3468 1473 1541
1999 1472 1586
2998 1471 1589
2035 1471 1575
1444 1471 1547
2701 1470 1543
672 1469 1587
1453 1469 1583
1073 1469 1563
4329 1469 1551
2465 1468 1527
1955 1467 1577
523 1467 1561
1254 1467 1540
4105 1466 1676
1992 1466 1673
1345 1466 1601
5864 1466 1577
2877 1466 1575
4714 1466 1552
5193 1466 1543
409 1465 1589
2130 1465 1577
1659 1465 1549
1743 1465 1542
842 1464 1584
406 1464 1551
4935 1464 1539
4965 1464 1531
5000 1463 1581
1880 1462 1608
382 1462 1601
372 1462 1538
4420 1462 1535
5296 1461 1602
2958 1461 1597
5269 1461 1596
5550 1461 1560
1044 1461 1542
830 1460 1668
3823 1460 1607
1140 1460 1603
1601 1460 1591
3137 1460 1584
4504 1460 1537
4945 1459 1547
5372 1459 1538
218 1459 1535
220 1458 1584
5094 1457 1587
2841 1457 1542
2210 1456 1599
550 1456 1596
170 1456 1590
247 1456 1548
3434 1455 1587
359 1455 1584
5516 1455 1578
2517 1455 1541
161 1454 1591
1666 1454 1589
6094 1454 1582
4868 1454 1560
1043 1454 1557
515 1454 1543
1809 1453 1593
5904 1453 1586
4885 1453 1575
6180 1453 1544
366 1452 1604
1830 1451 1592
5388 1451 1580
3655 1451 1548
5667 1450 1675
3846 1450 1669
1687 1450 1605
453 1450 1599
5890 1450 1583
1050 1450 1576
2879 1449 1591
5979 1449 1568
5351 1449 1544
4861 1448 1669
2693 1448 1553
1321 1447 1672
902 1447 1662
2352 1447 1609
3411 1447 1545
4078 1447 1543
283 1446 1599
4326 1446 1561
1834 1446 1560
1325 1445 1609
1938 1445 1560
5185 1444 1595
5853 1444 1588
44 1444 1580
5278 1443 1669
3714 1443 1587
2782 1443 1559
5418 1442 1670
5355 1442 1591
4881 1441 1663
2040 1441 1613
4310 1441 1612
5974 1441 1590
1060 1441 1577
3519 1441 1573
5198 1441 1548
2604 1441 1542
1016 1440 1612
2561 1440 1569
2750 1439 1589
2524 1439 1548
3108 1438 1607
5933 1438 1605
2490 1438 1592
4221 1438 1589
6150 1437 1626
4675 1437 1611
4822 1437 1599
854 1437 1556
4765 1436 1672
637 1436 1617
3391 1436 1588
1223 1435 1586
3121 1434 1662
4584 1434 1626
4002 1434 1621
1805 1434 1549
1872 1434 1547
3147 1433 1665
3250 1433 1619
725 1433 1617
4952 1433 1587
2287 1433 1579
163 1433 1545
1755 1432 1622
5237 1432 1611
3675 1432 1587
3747 1432 1581
4966 1432 1572
4623 1432 1569
2189 1432 1563
1350 1432 1549
2788 1432 1544
5616 1431 1613
5728 1431 1577
1675 1431 1572
1310 1431 1566
5916 1431 1560
3658 1430 1633
3106 1430 1632
1311 1430 1574
3989 1430 1564
3927 1430 1553
3772 1430 1550
4325 1429 1604
2067 1429 1597
3353 1428 1683
4760 1428 1591
4685 1428 1583
1145 1427 1683
1723 1427 1676
512 1427 1672
4015 1427 1627
2959 1427 1572
722 1426 1636
3073 1426 1594
3855 1426 1584
2145 1426 1553
4040 1426 1551
6191 1426 1547
1496 1425 1684
1735 1425 1676
2587 1425 1634
5571 1425 1619
425 1424 1629
2611 1424 1559
3522 1423 1635
3611 1423 1626
1480 1423 1622
5235 1423 1596
1015 1423 1572
2669 1423 1555
4034 1423 1549
1278 1422 1667
2032 1422 1624
1695 1422 1577
3768 1421 1682
910 1421 1671
1109 1421 1624
6212 1421 1536
3575 1421 1534
2321 1421 1531
5947 1420 1645
1847 1420 1569
2664 1420 1568
603 1420 1567
5122 1420 1560
2951 1420 1547
1472 1420 1544
5548 1419 1630
4894 1419 1581
6172 1419 1562
4079 1419 1559
498 1419 1543
4422 1419 1542
2955 1418 1629
794 1418 1545
1732 1417 1642
3226 1417 1579
1616 1417 1527
5110 1416 1683
3005 1416 1577
1374 1416 1558
726 1416 1522
5483 1415 1683
3939 1415 1546
3283 1414 1679
1147 1414 1565
5522 1414 1552
2391 1413 1690
3029 1413 1583
1832 1413 1564
4473 1412 1641
5855 1412 1635
601 1412 1530
3247 1411 1575
2887 1410 1580
4969 1410 1532
3045 1409 1686
2752 1408 1649
805 1408 1563
1669 1408 1538
2452 1408 1525
4725 1407 1530
1034 1407 1528
173 1406 1675
3987 1406 1532
1790 1405 1534
1348 1404 1677
751 1404 1568
764 1402 1681
3200 1402 1637
657 1402 1544
1893 1402 1532
2618 1401 1679
1969 1401 1635
1681 1400 1689
53 1398 1685
4644 1398 1639
1092 1398 1542
1466 1397 1685
3704 1397 1649
1255 1397 1641
4757 1396 1540
6160 1395 1676
1858 1391 1680
4077 1391 1672
4586 1391 1644
2844 1390 1679
3654 1389 1673
5306 1386 1683
2501 1384 1676
2857 1383 1644
6085 1383 1643
2503 1381 1681
2449 1381 1649
4661 1380 1649
3014 1379 1673
3532 1379 1658
5478 1379 1656
4258 1379 1653
4878 1378 1646
4658 1376 1665
202 1376 1660
2358 1374 1673
3560 1374 1661
5820 1374 1645
1909 1369 1664
6025 1367 1659
2396 1365 1671
5976 1365 1653
5063 1365 1641
1870 1364 1658
3812 1362 1643
1618 1361 1662
4860 1360 1645
4738 1359 1659
3036 1358 1663
1103 1358 1657
1180 1358 1649
4339 1357 1660
4024 1351 1663
2200 1202 1634
477 1200 1618
1779 1195 1622
3153 1190 1615
1577 1187 1616
2339 1186 1735
4350 1186 1734
3548 1183 1607
3059 1182 1726
3493 1179 1601
3355 1178 1606
3271 1175 1678
484 1174 1598
895 1169 1601
3893 1161 1602
5710 1159 1713
375 1155 1592
5301 1135 1586
4074 1131 1610
2704 1129 1586
1225 1121 1595
2357 1121 1592
2308 1114 1614
10 1081 1611
1604 1058 1628
5589 1048 1636
4875 1045 1544
4828 1044 1637
1272 1042 1542
5504 1035 1733
5517 1031 1641
4189 1027 1639
1312 1021 1645
2793 1016 1709
1758 1012 1698
5042 1006 1629
5445 1001 1641
2173 991 1639
5380 981 1665
5551 1641 1668
4800 1637 1668
1985 1633 1670
625 1632 1671
3913 1630 1664
5520 1627 1663
5252 1626 1668
1793 1625 1663
803 1624 1663
5664 1623 1669
785 1621 1666
5050 1619 1670
2264 1619 1666
3994 1615 1658
741 1613 1691
2739 1612 1671
2907 1612 1670
3819 1612 1656
5724 1611 1689
1511 1611 1668
5699 1611 1667
6215 1610 1704
941 1609 1705
2952 1609 1661
3975 1608 1676
3203 1608 1670
2979 1608 1656
2975 1607 1660
2637 1606 1667
3058 1605 1700
3779 1605 1684
825 1605 1675
5833 1605 1654
3824 1604 1717
378 1604 1713
3901 1604 1704
4869 1604 1657
3393 1603 1710
6227 1603 1678
6119 1603 1658
2532 1602 1707
1844 1602 1670
6130 1602 1660
4416 1601 1771
857 1601 1717
5367 1601 1700
4933 1601 1696
746 1601 1675
542 1601 1673
4009 1601 1651
4108 1599 1706
909 1599 1705
3461 1599 1690
4135 1599 1683
3798 1599 1681
6023 1599 1654
959 1598 1713
2047 1598 1712
5588 1598 1706
2174 1598 1688
4197 1598 1687
1813 1598 1673
5561 1598 1666
2946 1597 1781
532 1597 1702
682 1597 1684
4395 1597 1669
46 1597 1665
1786 1596 1777
3236 1596 1736
5266 1596 1713
2915 1595 1784
2493 1595 1773
5194 1595 1697
5440 1595 1671
1756 1594 1730
5852 1594 1720
5782 1594 1711
2694 1594 1706
3952 1594 1704
5386 1594 1690
3896 1594 1681
6235 1594 1650
1452 1593 1718
3541 1593 1716
5727 1592 1777
6161 1592 1746
3133 1592 1745
3515 1592 1721
3906 1592 1716
2853 1592 1700
196 1592 1692
843 1592 1650
592 1591 1748
1975 1591 1732
2995 1591 1721
3208 1591 1700
5236 1591 1697
6021 1591 1693
328 1591 1692
392 1591 1673
5913 1591 1656
2364 1590 1750
5320 1590 1712
5307 1590 1686
42 1590 1679
1188 1590 1673
2277 1590 1668
4698 1590 1656
5729 1590 1652
1901 1589 1727
6209 1589 1724
3869 1589 1709
130 1589 1705
922 1589 1685
874 1589 1678
2398 1589 1656
4270 1589 1648
3495 1588 1787
679 1588 1753
264 1588 1747
457 1588 1731
4534 1588 1715
1299 1588 1712
955 1588 1640
78 1587 1787
5935 1587 1715
5758 1587 1663
1838 1587 1651
151 1586 1749
6222 1586 1658
6068 1586 1651
6053 1585 1753
1627 1585 1719
1776 1585 1656
735 1585 1650
4839 1584 1782
6113 1584 1751
2484 1584 1733
3191 1584 1637
1181 1583 1746
4993 1583 1739
527 1583 1648
279 1582 1757
6116 1581 1746
3185 1581 1730
2157 1581 1647
5691 1579 1784
6020 1579 1741
1971 1579 1740
5540 1579 1640
6019 1578 1785
5437 1578 1761
5313 1578 1758
2118 1578 1731
2872 1578 1649
2512 1577 1789
6186 1577 1749
2378 1576 1791
1759 1576 1761
2236 1576 1753
429 1575 1751
3230 1574 1789
4727 1574 1784
6062 1574 1760
5964 1574 1744
3525 1574 1740
5876 1574 1735
6017 1573 1796
1900 1573 1761
3396 1573 1748
1355 1572 1743
6022 1571 1786
2170 1570 1648
5100 1569 1762
1201 1569 1737
5506 1569 1649
4348 1568 1649
778 1567 1649
135 1567 1641
1368 1566 1800
4062 1566 1746
67 1565 1755
1974 1564 1593
4520 1563 1788
1656 1563 1646
3311 1563 1630
5201 1563 1607
43 1562 1749
2455 1562 1640
2162 1562 1625
165 1562 1615
136 1562 1611
2815 1561 1760
2012 1561 1744
1633 1561 1644
2346 1561 1634
4148 1561 1624
5764 1560 1761
2640 1560 1634
5129 1560 1619
5851 1559 1751
5915 1559 1626
3872 1559 1619
3749 1559 1598
2627 1559 1566
2314 1559 1557
2454 1558 1757
3028 1558 1619
1183 1557 1757
3379 1557 1623
4019 1557 1577
458 1556 1789
1639 1556 1753
1406 1556 1621
668 1556 1562
180 1556 1558
1965 1556 1544
1001 1555 1801
2509 1555 1759
6134 1555 1746
1159 1555 1591
1179 1555 1590
4905 1555 1582
1142 1555 1573
4624 1555 1559
137 1554 1796
3689 1554 1793
4561 1554 1790
3631 1554 1609
4951 1554 1592
1531 1554 1541
2467 1553 1746
2973 1553 1566
265 1553 1547
5314 1553 1544
3623 1552 1754
3157 1552 1601
4385 1552 1593
4649 1552 1558
4137 1552 1538
3657 1551 1796
4840 1551 1573
5662 1551 1566
3741 1551 1561
2648 1551 1538
295 1551 1536
1335 1550 1605
4243 1550 1604
1979 1550 1598
2848 1550 1560
3856 1549 1739
2102 1549 1600
3920 1549 1590
5859 1549 1580
1989 1549 1564
3758 1549 1538
4462 1549 1537
2279 1549 1531
3946 1548 1547
1262 1547 1797
4701 1547 1605
3146 1547 1584
189 1547 1583
852 1547 1576
5080 1547 1545
4049 1546 1690
599 1546 1556
4050 1546 1551
2233 1546 1545
1128 1546 1531
4995 1545 1594
5575 1545 1592
3192 1545 1589
2613 1545 1577
1528 1545 1531
690 1544 1548
3903 1544 1547
4370 1544 1539
5114 1542 1700
2078 1542 1532
5217 1541 1710
669 1541 1541
1048 1541 1538
2014 1541 1534
2456 1541 1533
3592 1540 1699
5030 1540 1687
4450 1540 1528
1367 1538 1704
5204 1538 1535
572 1538 1529
4886 1537 1718
4225 1537 1689
11 1536 1697
877 1536 1692
3830 1536 1527
3422 1535 1532
538 1535 1523
819 1535 1521
558 1535 1520
5047 1534 1712
5791 1534 1705
5166 1534 1695
2443 1534 1530
4531 1533 1711
5636 1533 1531
1422 1532 1700
4508 1532 1691
1386 1532 1520
812 1531 1709
4338 1530 1705
1924 1530 1526
5826 1529 1705
3801 1529 1703
4690 1529 1694
5903 1528 1525
4671 1527 1521
177 1526 1709
4653 1525 1521
4517 1524 1707
278 1523 1711
3310 1523 1521
4205 1522 1705
3866 1522 1702
4651 1522 1515
6148 1519 1713
2663 1518 1713
2692 1518 1701
3415 1518 1516
2734 1517 1702
3875 1517 1516
1738 1517 1512
5705 1515 1710
5216 1515 1700
5172 1514 1707
3660 1514 1705
2949 1513 1520
1583 1510 1705
3624 1510 1702
1481 1507 1715
5753 1507 1705
5120 1507 1703
4159 1505 1714
6087 1505 1712
80 1505 1693
3940 1504 1700
1588 1503 1701
2039 1502 1516
3634 1501 1715
4673 1500 1702
5335 1499 1701
6058 1498 1705
3636 1497 1720
1868 1497 1711
454 1497 1695
5117 1495 1709
4444 1495 1517
294 1493 1719
1075 1492 1713
1771 1492 1712
2163 1492 1706
721 1490 1719
1923 1489 1717
4551 1489 1715
1902 1489 1693
471 1489 1687
112 1488 1712
431 1488 1688
4223 1487 1724
2231 1487 1718
2005 1487 1692
543 1487 1688
2974 1486 1726
3472 1486 1724
6074 1485 1697
2674 1484 1716
1213 1483 1730
1160 1483 1723
3079 1483 1516
734 1480 1694
2741 1479 1692
124 1478 1709
405 1477 1727
501 1477 1717
164 1476 1740
5956 1476 1716
5702 1476 1715
3701 1476 1522
1770 1475 1722
5010 1475 1687
3141 1475 1519
900 1475 1517
1085 1475 1516
712 1474 1735
647 1474 1687
1933 1473 1719
1121 1473 1708
6153 1472 1741
5809 1472 1723
3983 1472 1694
3148 1472 1691
783 1472 1522
393 1471 1519
4036 1470 1680
4906 1470 1524
5031 1469 1722
3125 1469 1709
1486 1469 1692
4033 1468 1681
3188 1467 1711
4445 1467 1691
1199 1465 1691
5965 1465 1518
6124 1464 1709
2247 1464 1695
4948 1464 1684
2774 1463 1712
1964 1462 1708
1347 1462 1524
21 1461 1716
1317 1461 1685
1620 1460 1731
1544 1460 1528
5808 1459 1699
3659 1459 1676
4254 1459 1530
6243 1459 1521
1168 1459 1518
6031 1458 1681
1442 1457 1682
4461 1457 1522
221 1456 1727
1591 1456 1708
347 1455 1679
5241 1454 1729
2723 1454 1680
5493 1454 1531
2629 1454 1522
1267 1452 1687
1436 1452 1523
6056 1451 1526
5684 1450 1532
658 1449 1688
2155 1449 1680
536 1446 1537
4796 1445 1535
5046 1443 1532
3209 1442 1526
5279 1441 1688
520 1441 1540
1441 1441 1531
4779 1441 1528
1658 1440 1534
4680 1438 1532
4848 1437 1687
5661 1436 1533
2259 1435 1689
581 1434 1543
5759 1434 1537
1187 1432 1698
4941 1431 1691
954 1430 1694
705 1430 1539
5624 1429 1705
1685 1428 1614
1982 1427 1707
4365 1426 1702
636 1426 1694
3687 1426 1693
5757 1425 1689
4988 1424 1609
2207 1423 1606
4774 1422 1605
856 1422 1541
113 1421 1692
1760 1421 1515
2112 1420 1615
1981 1420 1513
5972 1419 1623
3272 1419 1510
6177 1416 1705
1707 1416 1606
983 1415 1620
594 1415 1593
1673 1415 1515
5409 1415 1510
3307 1414 1705
1584 1414 1608
2237 1414 1586
6207 1413 1713
3292 1412 1703
1641 1412 1614
831 1412 1610
696 1412 1587
5884 1412 1519
300 1411 1695
4409 1410 1589
1413 1410 1511
5902 1410 1509
1330 1410 1508
3325 1409 1710
4775 1408 1717
2226 1408 1628
1557 1408 1620
5739 1406 1629
1848 1406 1617
2179 1406 1578
4829 1406 1518
2999 1406 1515
5567 1405 1710
607 1405 1616
5921 1405 1547
5143 1404 1550
4872 1402 1588
2866 1402 1563
901 1402 1518
4393 1402 1517
4048 1401 1699
5713 1401 1627
1371 1401 1588
5658 1401 1586
1552 1401 1562
2897 1401 1560
481 1401 1522
4678 1400 1707
3746 1400 1695
2123 1400 1629
4474 1400 1618
5534 1400 1555
4902 1400 1552
2111 1400 1550
3009 1400 1510
4787 1399 1701
689 1399 1618
675 1399 1591
360 1399 1575
3152 1399 1573
2105 1398 1696
688 1398 1585
3494 1398 1584
2779 1398 1574
4542 1398 1555
5541 1398 1553
2010 1397 1551
420 1396 1587
1881 1396 1556
1069 1396 1516
1306 1395 1690
4877 1395 1627
3880 1395 1622
4763 1394 1530
6192 1394 1529
5365 1394 1514
1593 1393 1548
114 1393 1519
4569 1392 1546
1928 1391 1526
1887 1390 1690
5491 1390 1544
2146 1390 1526
5336 1389 1546
576 1388 1537
1467 1387 1528
2430 1386 1551
3883 1385 1549
2856 1385 1535
5137 1385 1524
3343 1384 1554
1494 1384 1540
3731 1383 1698
4754 1383 1552
6027 1383 1529
2601 1383 1525
1908 1382 1684
3328 1382 1544
1877 1382 1534
480 1381 1547
3204 1381 1536
2185 1381 1528
301 1379 1543
3851 1376 1551
2058 1374 1547
1136 1373 1684
5391 1373 1683
5488 1373 1682
4006 1372 1681
4472 1369 1684
4381 1368 1683
27 1361 1681
2964 1354 1671
290 1353 1641
1276 1352 1684
2985 1349 1666
933 1347 1656
440 1346 1670
2805 1345 1676
3374 1344 1657
1079 1343 1659
45 1343 1651
4850 1341 1676
2777 1339 1648
4407 1338 1657
3606 1336 1668
4926 1331 1644
64 1327 1666
4488 1327 1650
17 1327 1552
5841 1326 1670
4279 1326 1548
1353 1323 1564
6060 1322 1669
1484 1322 1666
1423 1321 1556
2526 1320 1653
1778 1320 1651
5125 1317 1660
2166 1316 1559
6051 1311 1560
1968 1310 1550
1939 1309 1562
6221 1309 1559
3934 1306 1565
3744 1304 1579
5519 1303 1578
1298 1301 1574
5016 1298 1563
4823 1297 1567
528 1296 1523
6127 1295 1538
3677 1293 1537
2858 1289 1524
1806 1284 1525
2137 1283 1533
1750 1280 1525
2687 1207 1721
580 1200 1699
132 1197 1600
5328 1195 1677
5521 1195 1599
5036 1189 1693
1372 1186 1600
2245 1185 1602
3888 1184 1594
4094 1181 1679
2323 1180 1669
2630 1175 1583
3112 1171 1590
893 1169 1709
228 1166 1693
5839 1166 1679
4007 1153 1583
2353 1152 1586
3464 1152 1581
5268 1147 1577
1204 1146 1581
1549 1145 1579
3802 1142 1576
2679 1139 1572
2438 1132 1575
1090 1124 1578
1664 1123 1585
757 1109 1583
3370 1108 1594
1623 1102 1593
2190 1090 1594
5617 1089 1606
5258 1084 1604
1086 1083 1599
1207 1073 1603
1186 1072 1598
5219 1062 1757
236 1046 1523
3435 1045 1737
226 1042 1624
1820 1042 1523
4425 1041 1523
3437 1040 1530
2292 1036 1626
1185 1036 1537
2700 1035 1537
5263 1033 1539
4452 1032 1531
2567 1023 1637
5212 1016 1731
4166 1010 1704
5273 1004 1721
4990 1001 1704
3864 997 1625
5458 993 1629
2019 988 1627
5750 976 1676
5395 976 1672
2513 976 1660
1448 975 1652
1655 1664 1666
2433 1661 1661
3540 1661 1660
5145 1659 1669
2965 1658 1678
2258 1658 1657
2085 1657 1669
3262 1657 1668
4497 1656 1675
3662 1656 1664
2871 1655 1674
3804 1655 1662
4547 1654 1682
4618 1653 1666
4114 1653 1656
2507 1652 1684
862 1652 1668
3196 1651 1681
287 1651 1679
3777 1651 1654
5141 1651 1653
4207 1650 1671
5378 1649 1687
446 1648 1686
5390 1648 1657
3275 1648 1654
3268 1648 1652
2529 1647 1678
656 1647 1674
6183 1646 1682
925 1646 1675
2193 1646 1661
4236 1646 1658
3401 1645 1691
801 1645 1689
769 1645 1651
4944 1644 1691
3190 1643 1692
2249 1642 1682
1937 1642 1681
4314 1642 1665
5329 1642 1647
5736 1641 1664
169 1641 1652
1430 1640 1694
1967 1640 1677
1859 1639 1695
4919 1639 1672
3335 1638 1688
5018 1638 1679
4107 1638 1654
1562 1637 1683
2404 1636 1697
1214 1635 1698
259 1634 1688
704 1633 1700
6035 1633 1657
642 1632 1693
1261 1632 1692
5614 1632 1679
3252 1632 1649
2770 1631 1683
1566 1629 1694
3550 1629 1684
585 1629 1673
3567 1629 1646
3019 1628 1681
3365 1627 1704
4342 1627 1699
5040 1627 1655
1471 1627 1654
1447 1627 1649
6201 1626 1691
5501 1626 1687
575 1625 1707
880 1625 1704
5466 1625 1696
4248 1625 1690
1028 1624 1690
2542 1624 1689
5021 1624 1672
5831 1623 1684
4750 1623 1673
5894 1622 1716
3025 1622 1715
251 1622 1714
3003 1622 1677
327 1621 1713
302 1621 1695
1322 1621 1680
4211 1621 1645
970 1620 1717
4210 1620 1689
3065 1620 1678
5087 1620 1643
3199 1619 1715
3475 1618 1711
1192 1618 1684
5527 1618 1678
5985 1617 1726
2015 1617 1724
3339 1617 1688
2820 1616 1728
4691 1616 1724
4557 1616 1714
4825 1616 1712
894 1616 1711
1897 1616 1693
5472 1616 1689
4143 1615 1724
1533 1615 1717
3774 1615 1710
4686 1615 1708
2588 1615 1672
2133 1615 1641
2241 1614 1730
4423 1614 1726
1631 1614 1701
1046 1614 1695
4741 1614 1682
903 1614 1674
2206 1614 1640
3618 1613 1728
5227 1613 1717
5678 1613 1678
2048 1613 1675
691 1613 1647
756 1612 1766
4274 1612 1733
5319 1612 1702
4545 1611 1781
463 1611 1780
2698 1611 1770
2633 1611 1735
6109 1611 1647
156 1610 1773
5463 1610 1736
686 1610 1643
2934 1609 1775
4070 1609 1737
4970 1609 1736
3547 1609 1720
5352 1609 1712
775 1609 1639
6001 1608 1771
5535 1608 1711
4681 1608 1647
1293 1607 1749
2852 1606 1773
6185 1606 1740
1742 1606 1729
513 1605 1745
3793 1605 1743
3850 1605 1735
4815 1605 1642
1892 1604 1743
3810 1603 1781
5515 1603 1747
3692 1602 1740
3382 1602 1736
2140 1602 1642
2343 1602 1640
466 1601 1786
552 1601 1761
3068 1601 1744
1308 1601 1637
963 1600 1784
673 1600 1762
5789 1600 1761
887 1600 1644
3107 1599 1792
5586 1599 1749
5170 1599 1741
5088 1599 1737
1042 1599 1636
1839 1599 1635
2457 1598 1764
678 1598 1761
4170 1598 1760
1998 1598 1754
1617 1598 1632
4454 1597 1764
5638 1597 1751
1270 1597 1742
2600 1596 1790
209 1596 1763
5457 1596 1749
2491 1595 1631
4115 1594 1752
804 1594 1746
934 1593 1760
2789 1592 1797
4332 1590 1755
323 1589 1796
344 1589 1765
4524 1588 1756
2625 1588 1639
4398 1587 1798
4280 1587 1637
4360 1583 1800
5287 1582 1798
5743 1582 1575
1598 1581 1576
2675 1580 1804
947 1578 1591
561 1577 1641
1622 1575 1805
2581 1575 1802
2257 1575 1586
5417 1575 1582
4227 1574 1588
5304 1573 1767
739 1573 1635
1581 1572 1771
4942 1572 1620
1862 1572 1565
4035 1572 1563
4111 1572 1548
4972 1571 1631
2548 1571 1620
4110 1571 1619
5119 1571 1613
2659 1571 1610
881 1571 1603
5132 1571 1591
3513 1571 1553
2833 1570 1617
4943 1570 1559
537 1569 1806
4847 1569 1639
5936 1569 1626
5462 1569 1617
6084 1569 1613
4028 1569 1573
1265 1569 1559
6146 1568 1545
245 1568 1538
4477 1567 1638
1475 1567 1634
435 1567 1616
4327 1567 1588
5066 1567 1582
1635 1566 1631
574 1566 1582
5436 1566 1557
5529 1565 1623
4237 1565 1618
3491 1565 1599
5792 1565 1590
6066 1565 1576
2768 1565 1564
792 1565 1557
2461 1565 1551
4991 1565 1544
5650 1565 1538
1751 1564 1769
2786 1564 1590
2221 1564 1570
2667 1564 1538
396 1563 1589
4418 1563 1585
357 1563 1580
4522 1562 1593
3122 1562 1591
4271 1562 1566
5952 1562 1543
2902 1561 1771
4008 1561 1593
1491 1561 1588
5878 1561 1582
2305 1561 1561
4538 1561 1545
4317 1561 1541
3843 1561 1536
4164 1561 1529
4167 1560 1591
1173 1560 1586
4783 1560 1573
3976 1560 1549
455 1560 1548
1814 1560 1530
4728 1559 1807
3479 1559 1569
258 1559 1524
1523 1558 1805
623 1558 1593
3673 1558 1591
4981 1558 1583
4224 1558 1581
48 1557 1775
4833 1557 1771
610 1556 1771
187 1556 1587
3619 1556 1531
1886 1555 1526
5430 1554 1779
3330 1553 1527
26 1552 1805
5531 1552 1765
4887 1552 1761
1100 1552 1527
1211 1552 1520
2017 1551 1808
2092 1551 1522
32 1551 1519
5618 1550 1517
3241 1549 1526
761 1548 1812
4937 1548 1805
353 1548 1773
3400 1548 1768
1550 1548 1529
4242 1547 1515
5824 1546 1526
6237 1546 1521
4179 1544 1736
1323 1544 1730
1068 1543 1811
1414 1543 1721
1392 1543 1523
2116 1543 1520
5598 1542 1802
5981 1542 1733
3104 1541 1745
3076 1541 1726
116 1539 1737
5124 1539 1733
4175 1539 1732
1558 1539 1726
142 1539 1514
2084 1538 1738
4411 1537 1742
914 1537 1726
5641 1537 1517
4324 1536 1517
413 1533 1740
713 1533 1734
6107 1532 1512
5533 1531 1736
3221 1531 1730
2562 1531 1725
5371 1529 1729
1996 1529 1718
3625 1528 1515
30 1527 1729
1718 1527 1728
953 1527 1727
6002 1527 1514
4436 1527 1509
1277 1527 1504
4446 1526 1721
3782 1526 1508
2895 1525 1735
1194 1524 1716
3918 1522 1510
1369 1521 1505
3788 1520 1509
6013 1519 1507
2896 1518 1732
3642 1518 1506
4509 1516 1508
666 1514 1720
1138 1514 1717
3231 1513 1728
1624 1513 1725
4987 1513 1715
1424 1512 1725
4809 1510 1720
6005 1509 1729
1433 1508 1717
1517 1507 1728
5318 1506 1721
5323 1500 1727
2931 1500 1722
3320 1485 1702
4263 1485 1700
834 1484 1698
982 1484 1514
5441 1478 1697
905 1478 1513
2550 1471 1511
5384 1467 1744
1219 1467 1512
4622 1462 1744
5652 1462 1512
398 1460 1695
1387 1460 1507
1292 1459 1745
4598 1458 1509
793 1457 1518
5271 1456 1739
3061 1456 1693
4735 1456 1518
5311 1456 1513
4897 1455 1751
2538 1454 1754
3984 1454 1751
3617 1454 1514
5396 1453 1512
4269 1452 1700
2031 1451 1520
4082 1450 1716
1894 1450 1693
3968 1450 1518
318 1450 1511
198 1448 1517
2961 1448 1507
5630 1447 1710
5165 1447 1508
6170 1445 1517
3372 1445 1514
4424 1443 1704
2141 1443 1699
3132 1442 1721
758 1442 1711
1536 1442 1705
3826 1442 1701
4980 1442 1697
3037 1441 1516
3762 1440 1520
5731 1440 1510
3177 1439 1520
1619 1438 1706
4603 1437 1516
417 1437 1514
3237 1437 1513
534 1436 1515
5648 1435 1705
223 1435 1517
1281 1434 1717
4708 1434 1526
3697 1434 1520
117 1433 1720
937 1433 1714
4973 1433 1713
5069 1433 1526
2970 1432 1528
2725 1431 1707
4218 1430 1529
5412 1429 1531
5182 1429 1519
5659 1428 1726
687 1428 1533
2038 1425 1729
1139 1425 1533
3590 1425 1531
4088 1424 1732
2617 1423 1532
4689 1422 1536
4233 1421 1725
4044 1421 1718
2091 1421 1499
4296 1420 1725
747 1420 1718
3352 1418 1730
790 1417 1744
2753 1415 1504
5997 1414 1496
3047 1414 1494
2498 1413 1735
3563 1413 1505
66 1413 1502
981 1412 1500
5096 1412 1497
3683 1410 1728
3791 1410 1495
1553 1409 1501
6206 1408 1746
6117 1408 1500
4903 1408 1497
3852 1407 1498
4806 1406 1493
434 1405 1752
3350 1405 1496
929 1404 1736
3063 1402 1492
3077 1401 1496
3733 1400 1501
2584 1399 1610
229 1399 1608
2496 1397 1734
385 1397 1729
4744 1397 1505
5032 1397 1504
2535 1396 1509
4567 1395 1722
248 1395 1572
4864 1395 1499
2719 1394 1772
6121 1394 1733
4724 1394 1602
3486 1394 1591
3364 1393 1573
5785 1393 1510
2519 1393 1509
2471 1393 1493
4315 1393 1491
4458 1392 1772
1303 1392 1728
3570 1392 1607
5835 1392 1570
2894 1391 1594
5697 1390 1721
2607 1390 1632
2929 1390 1623
1749 1390 1566
5061 1390 1562
5732 1390 1504
2415 1389 1716
1174 1389 1620
52 1389 1595
4217 1389 1513
5075 1388 1743
2717 1388 1629
2304 1388 1625
5123 1388 1570
4443 1387 1630
5560 1386 1513
4984 1386 1503
4363 1385 1640
3454 1385 1620
5920 1385 1501
3111 1385 1495
809 1384 1736
635 1384 1633
3092 1384 1626
97 1384 1562
3720 1384 1514
3739 1384 1511
3545 1382 1731
4335 1382 1701
4244 1382 1517
5490 1381 1640
677 1381 1625
5340 1381 1568
4654 1381 1512
275 1381 1509
4161 1380 1590
1734 1379 1509
2033 1378 1557
18 1378 1520
1972 1378 1497
4778 1377 1763
3586 1377 1533
4138 1377 1496
2767 1376 1698
4753 1376 1563
201 1376 1543
2967 1376 1542
3359 1376 1518
6163 1376 1498
2968 1375 1726
4946 1375 1564
569 1374 1714
1459 1374 1707
1773 1374 1543
5832 1374 1510
2653 1373 1700
3216 1373 1630
2288 1373 1507
4212 1372 1702
2178 1372 1550
4893 1372 1528
3889 1372 1506
2685 1371 1701
814 1371 1693
5700 1371 1637
335 1371 1626
2650 1371 1547
4736 1371 1510
3814 1371 1502
3664 1370 1552
468 1369 1732
1327 1369 1520
965 1369 1506
3759 1368 1759
5116 1368 1750
4180 1368 1635
3280 1368 1564
1333 1368 1521
2203 1367 1553
1037 1367 1521
162 1367 1513
3726 1367 1511
3498 1366 1686
5385 1366 1535
4959 1365 1699
1361 1365 1508
3753 1364 1637
77 1364 1636
1603 1364 1566
2818 1364 1532
2709 1363 1550
1720 1362 1763
3103 1362 1566
1729 1362 1557
2541 1362 1534
2551 1362 1516
2769 1361 1634
5479 1361 1631
553 1361 1548
4663 1361 1526
2661 1361 1521
3961 1360 1689
4637 1360 1638
1610 1360 1526
79 1359 1623
6061 1358 1640
232 1358 1554
3197 1357 1625
1824 1357 1560
5777 1357 1556
6211 1357 1551
3536 1356 1630
1054 1356 1555
5276 1355 1570
96 1355 1556
3484 1354 1563
6067 1352 1568
3455 1350 1616
2559 1349 1549
4550 1348 1551
5949 1347 1633
4134 1347 1562
3817 1346 1688
1926 1346 1555
5317 1345 1691
6106 1345 1622
1567 1345 1610
2622 1342 1693
4220 1342 1604
602 1342 1563
6091 1342 1552
4376 1341 1701
5818 1341 1640
5448 1341 1611
5752 1340 1618
4619 1340 1613
6154 1340 1570
4795 1339 1613
490 1339 1604
1135 1339 1565
4253 1339 1561
3539 1338 1601
4467 1338 1595
4900 1338 1566
5862 1338 1563
4373 1338 1560
4292 1337 1688
2935 1337 1625
4303 1337 1598
1341 1336 1552
3313 1336 1551
312 1334 1582
1119 1334 1579
3441 1333 1621
521 1332 1602
4664 1332 1577
3417 1331 1621
2427 1331 1600
4638 1331 1556
482 1331 1548
4203 1329 1694
4290 1329 1638
1863 1329 1566
3489 1327 1571
1535 1326 1627
5498 1326 1577
5444 1324 1616
4146 1324 1592
5797 1324 1563
1169 1322 1570
1827 1321 1691
3338 1321 1609
3510 1321 1583
1284 1321 1522
3792 1321 1521
2754 1320 1682
2494 1319 1623
1774 1318 1697
4247 1318 1579
2303 1318 1578
6114 1316 1582
5858 1315 1620
2156 1315 1606
2864 1315 1519
1314 1315 1514
2474 1314 1595
412 1314 1517
5316 1313 1689
2317 1313 1524
1315 1312 1638
2997 1312 1506
4026 1311 1683
1726 1311 1659
4061 1311 1543
3986 1311 1512
3006 1310 1661
2842 1310 1542
5475 1309 1606
3163 1309 1604
2216 1309 1587
5673 1309 1545
3466 1309 1543
1609 1309 1516
4289 1308 1632
6175 1308 1510
56 1307 1628
118 1307 1531
1746 1307 1501
2875 1305 1604
3653 1305 1537
5967 1304 1674
1959 1304 1596
3443 1304 1533
2620 1304 1529
3088 1304 1523
4699 1304 1518
2606 1303 1669
4998 1302 1543
4390 1302 1507
3685 1301 1525
4093 1300 1541
3450 1300 1527
2395 1299 1605
3959 1299 1520
2094 1298 1643
2087 1298 1543
3821 1297 1500
1819 1296 1539
2790 1295 1608
1889 1295 1513
2765 1295 1510
1488 1295 1495
5545 1294 1510
4876 1293 1564
3260 1291 1545
908 1291 1505
1021 1289 1673
1495 1289 1504
3964 1288 1506
5740 1287 1587
4938 1287 1499
962 1286 1550
3332 1285 1571
5901 1285 1558
4901 1285 1516
341 1283 1574
3707 1283 1546
6241 1282 1675
3448 1282 1560
3756 1282 1515
611 1281 1576
5613 1280 1594
798 1280 1565
3958 1280 1555
4455 1280 1551
3169 1280 1502
2504 1280 1501
2462 1279 1553
1940 1279 1521
931 1278 1597
1919 1277 1569
5596 1277 1548
1572 1276 1545
5568 1275 1593
3207 1273 1566
1083 1273 1546
3881 1272 1593
6199 1272 1538
5592 1272 1524
6142 1271 1537
5489 1269 1522
5261 1268 1532
5737 1268 1527
3459 1267 1515
6037 1265 1547
818 1264 1536
1515 1262 1548
2791 1262 1542
1078 1262 1537
4487 1225 1714
7 1223 1624
380 1220 1630
1164 1212 1642
1084 1211 1620
3183 1211 1607
3218 1210 1678
5626 1209 1620
2797 1208 1647
6026 1208 1629
4173 1200 1600
2161 1198 1658
5810 1193 1664
2932 1187 1583
1871 1185 1582
70 1184 1666
3083 1163 1571
4595 1159 1563
1661 1157 1570
1556 1157 1564
6115 1142 1559
2437 1140 1568
5068 1138 1551
870 1132 1555
618 1131 1561
6205 1127 1566
5327 1120 1550
2243 1116 1572
1640 1114 1563
3925 1110 1576
529 1108 1565
5078 1108 1555
5246 1105 1563
296 1103 1553
5058 1098 1580
4590 1096 1558
4594 1082 1592
3926 1072 1548
4492 1071 1570
1512 1069 1569
1157 1068 1560
777 1068 1541
5105 1064 1593
1499 1064 1564
1449 1064 1561
3281 1063 1590
2057 1063 1550
3312 1058 1596
1045 1057 1536
662 1053 1557
1736 1051 1597
4058 1050 1607
437 1050 1602
2138 1049 1539
3729 1048 1615
4321 1048 1594
2468 1047 1579
1850 1046 1514
3885 1045 1515
2276 1041 1600
3446 1039 1606
1041 1039 1511
311 1035 1761
2658 1032 1609
651 1032 1523
2944 1031 1619
5449 1029 1611
5778 1027 1528
926 1020 1614
6059 1020 1535
4696 1015 1590
4192 1012 1598
3035 1000 1610
1099 995 1608
401 995 1606
5177 994 1734
2069 994 1606
4732 990 1618
1869 989 1695
104 987 1609
266 983 1614
1789 973 1634
3867 972 1671
3134 969 1650
1534 967 1666
1273 966 1667
5368 965 1653
5780 1673 1664
6007 1673 1657
2025 1672 1668
1856 1671 1683
3282 1671 1675
376 1671 1657
4127 1671 1650
2742 1670 1680
5257 1670 1665
1529 1670 1655
1404 1670 1653
3385 1669 1667
1435 1669 1665
4759 1669 1664
1611 1669 1647
742 1668 1657
4645 1667 1679
5139 1667 1652
6038 1667 1647
1058 1666 1648
4668 1665 1665
3577 1665 1664
4940 1665 1651
1197 1665 1646
3776 1664 1689
4498 1664 1687
1905 1664 1680
545 1663 1685
3979 1663 1682
5577 1662 1655
3492 1662 1650
2103 1661 1649
851 1661 1645
5109 1659 1690
6229 1658 1696
6050 1657 1698
3447 1656 1697
6102 1656 1648
1403 1655 1701
1740 1655 1690
2064 1655 1650
4219 1655 1641
1657 1654 1705
5497 1654 1687
3198 1654 1644
2930 1652 1702
5593 1652 1701
1654 1652 1688
5004 1652 1644
5523 1651 1694
4983 1650 1690
1251 1650 1647
714 1649 1703
6233 1649 1640
6187 1648 1700
728 1648 1698
4956 1648 1639
3136 1647 1694
370 1647 1641
5262 1646 1703
3950 1646 1694
2000 1645 1696
3834 1645 1647
2485 1644 1710
681 1644 1698
2927 1642 1708
68 1641 1642
4361 1639 1703
1301 1639 1699
2776 1639 1638
6140 1638 1708
3395 1638 1702
1218 1638 1701
5966 1638 1645
5353 1638 1638
1006 1638 1636
3340 1636 1716
1629 1636 1703
4879 1634 1716
3010 1634 1713
2225 1633 1713
4051 1632 1720
1497 1632 1716
5303 1631 1717
3041 1631 1707
3402 1630 1723
5748 1630 1639
4302 1629 1721
1772 1628 1766
1994 1628 1718
4193 1627 1769
5334 1627 1717
2410 1627 1633
5167 1626 1713
1033 1625 1773
4336 1625 1768
1930 1625 1732
5291 1625 1713
1457 1625 1641
4536 1624 1734
2695 1624 1732
4496 1624 1724
3080 1624 1637
3295 1623 1770
2088 1623 1637
3017 1623 1629
6145 1622 1769
2572 1622 1724
5286 1622 1717
1264 1621 1777
364 1621 1736
4249 1621 1640
1096 1620 1725
4541 1619 1735
5856 1619 1730
2598 1619 1641
1059 1619 1635
3535 1618 1783
1831 1618 1777
1400 1618 1729
1708 1616 1753
428 1616 1745
4626 1616 1735
1645 1616 1637
2515 1616 1635
31 1615 1742
6242 1614 1638
2854 1613 1787
5205 1613 1755
6169 1613 1632
3140 1611 1790
4191 1611 1743
1644 1611 1637
2266 1611 1627
3039 1610 1636
2575 1610 1631
2913 1610 1627
5344 1609 1750
239 1609 1622
2270 1605 1621
2298 1604 1794
5375 1604 1627
4020 1603 1796
2868 1603 1621
1208 1602 1791
2340 1601 1765
5456 1599 1628
5865 1599 1621
386 1598 1628
871 1597 1628
5082 1595 1569
6176 1594 1805
5579 1594 1798
3558 1594 1574
3482 1593 1806
4548 1593 1799
6125 1592 1573
915 1591 1801
2566 1591 1570
1177 1591 1568
6110 1590 1804
5793 1589 1585
2338 1589 1574
1235 1588 1801
4924 1588 1587
4122 1588 1583
5528 1588 1577
4490 1587 1587
3467 1586 1571
1683 1586 1565
3477 1585 1805
3440 1585 1575
5131 1584 1594
1883 1584 1582
4493 1584 1571
1357 1584 1548
3948 1584 1542
5037 1583 1813
1256 1583 1812
313 1583 1599
4343 1583 1594
3931 1583 1580
732 1583 1579
2718 1583 1556
1602 1582 1636
2055 1582 1606
6173 1582 1595
3324 1582 1589
5601 1582 1572
5747 1582 1555
5451 1582 1543
1745 1582 1542
3329 1581 1635
1855 1581 1603
4251 1581 1566
649 1580 1814
5076 1580 1621
3287 1580 1608
2273 1579 1806
1190 1579 1632
2943 1579 1586
784 1578 1637
4427 1578 1605
5632 1578 1597
3418 1578 1593
4437 1578 1565
622 1578 1562
984 1578 1558
1274 1578 1552
5073 1578 1539
2641 1578 1535
6101 1578 1532
3612 1577 1815
1660 1577 1620
2265 1577 1578
1407 1577 1576
2229 1577 1557
1141 1576 1633
2730 1576 1615
6097 1576 1609
1114 1576 1603
41 1576 1573
1269 1576 1552
1690 1576 1534
4415 1576 1532
2261 1575 1565
2597 1575 1558
2799 1575 1545
4855 1574 1628
1518 1574 1607
1803 1574 1564
216 1573 1817
4693 1572 1528
3167 1571 1818
5738 1571 1539
3234 1571 1530
3228 1570 1539
3752 1570 1530
5435 1570 1520
4740 1569 1817
4331 1569 1582
2434 1569 1523
86 1569 1521
3309 1568 1534
100 1568 1519
3366 1567 1525
964 1566 1532
3354 1562 1527
63 1562 1515
2635 1561 1522
4734 1560 1824
4849 1560 1524
655 1558 1826
171 1558 1508
5346 1557 1820
374 1557 1521
2418 1555 1514
6086 1554 1518
4896 1553 1826
4 1553 1782
3416 1553 1508
3004 1552 1825
5414 1552 1511
1564 1550 1793
3427 1549 1825
5382 1549 1823
4747 1549 1505
2917 1547 1824
4599 1547 1814
1236 1547 1777
4726 1547 1509
5020 1545 1819
2547 1545 1758
5838 1544 1762
445 1544 1510
604 1544 1504
5879 1543 1760
1612 1543 1749
1650 1542 1510
1586 1541 1759
997 1538 1823
5026 1538 1503
5008 1538 1502
2555 1537 1828
47 1537 1827
5387 1537 1507
3884 1534 1753
4961 1534 1742
5097 1534 1503
4491 1533 1827
5420 1533 1504
2062 1532 1498
1818 1531 1823
4964 1530 1752
2549 1530 1497
4386 1529 1744
1885 1528 1507
5768 1526 1742
1539 1524 1501
1421 1524 1499
222 1524 1496
3973 1523 1501
4344 1522 1499
3154 1521 1744
4635 1521 1735
2885 1521 1499
4731 1520 1742
1857 1520 1736
2563 1519 1502
1022 1518 1740
2677 1517 1499
4169 1516 1735
4803 1516 1501
5574 1515 1873
5784 1515 1514
3870 1514 1874
2073 1514 1857
665 1514 1741
4126 1513 1511
4064 1512 1874
5615 1512 1741
5766 1510 1859
2475 1510 1515
1916 1508 1868
2710 1508 1511
274 1508 1510
4459 1507 1741
1439 1507 1514
2348 1506 1738
2131 1506 1510
227 1505 1875
2390 1505 1852
4178 1505 1740
750 1505 1515
808 1504 1738
1957 1504 1734
526 1504 1731
6083 1503 1876
4264 1503 1871
6069 1503 1865
4766 1502 1858
3346 1502 1854
487 1500 1875
1389 1500 1737
2042 1499 1515
5823 1499 1512
12 1498 1874
2682 1497 1513
4362 1496 1863
1606 1496 1509
5322 1495 1859
215 1495 1514
985 1494 1515
5934 1494 1513
3105 1492 1879
1105 1492 1741
5179 1492 1508
3669 1491 1509
3002 1489 1741
1066 1488 1742
5171 1487 1882
3413 1487 1740
4096 1487 1510
3595 1487 1506
138 1486 1512
6014 1485 1503
3604 1484 1504
3754 1482 1873
1156 1481 1502
835 1480 1506
1331 1479 1505
5553 1479 1501
5093 1475 1746
3060 1474 1746
3341 1473 1507
2766 1472 1509
2402 1471 1752
2479 1469 1502
303 1468 1505
3828 1466 1756
3861 1462 1495
2832 1461 1500
5251 1460 1503
4918 1460 1496
3123 1460 1495
5465 1459 1497
2880 1457 1495
289 1453 1766
2315 1452 1728
1825 1452 1503
4834 1451 1499
394 1450 1744
945 1450 1497
2408 1449 1734
4328 1447 1507
2702 1446 1737
2282 1444 1783
3858 1444 1758
1007 1443 1787
3386 1441 1743
2920 1441 1735
1451 1440 1782
3648 1440 1770
73 1440 1746
470 1440 1507
2204 1438 1784
2678 1438 1759
5633 1438 1757
1599 1438 1510
1966 1437 1796
5937 1437 1498
1990 1436 1497
628 1435 1756
5644 1434 1751
4120 1433 1788
5267 1433 1752
1727 1433 1751
4552 1433 1504
2196 1433 1503
5769 1432 1773
3499 1431 1788
4262 1431 1764
1878 1431 1505
897 1429 1506
5836 1428 1506
6003 1427 1779
5343 1427 1774
2670 1427 1765
5240 1427 1515
5721 1427 1501
3593 1427 1499
4805 1426 1749
3998 1425 1760
5232 1425 1517
2481 1425 1503
4190 1424 1510
1203 1422 1763
508 1422 1507
1561 1419 1751
566 1419 1750
1112 1416 1785
817 1415 1769
3708 1415 1488
6089 1414 1762
2697 1414 1485
1024 1413 1776
3150 1413 1752
2188 1413 1487
3480 1412 1482
83 1411 1492
1794 1411 1484
3094 1410 1793
6152 1410 1485
548 1408 1491
912 1408 1482
2672 1407 1765
639 1406 1788
3825 1406 1484
5376 1406 1477
4575 1405 1787
5639 1404 1481
3859 1404 1477
3651 1403 1485
5102 1402 1485
3508 1401 1490
789 1400 1484
5953 1400 1474
5714 1399 1486
4206 1399 1480
4672 1399 1478
5803 1396 1483
3421 1396 1478
2275 1395 1486
3172 1395 1479
4752 1395 1471
5507 1394 1472
5719 1393 1479
1925 1393 1469
4341 1392 1479
4824 1391 1479
4977 1391 1472
3383 1389 1617
1416 1389 1611
6077 1389 1480
1161 1388 1484
4957 1388 1466
1504 1387 1617
2716 1386 1576
1530 1386 1474
5741 1385 1606
2383 1385 1476
1815 1385 1475
2152 1384 1615
5984 1383 1796
2971 1383 1609
2624 1383 1608
5715 1383 1478
6224 1382 1583
4136 1382 1468
3808 1381 1616
1426 1381 1614
108 1381 1592
1934 1381 1587
2098 1381 1485
5248 1381 1483
3514 1381 1481
5370 1380 1609
2325 1380 1598
5494 1380 1597
5873 1380 1592
4066 1380 1486
4712 1380 1485
2217 1380 1462
2614 1378 1611
4874 1378 1599
4802 1378 1577
3803 1378 1575
2827 1378 1477
1455 1377 1482
5190 1377 1481
3938 1376 1581
1753 1376 1489
3423 1376 1480
6040 1376 1470
4457 1376 1469
1263 1376 1464
3646 1376 1462
167 1375 1600
3573 1375 1594
2219 1375 1477
6141 1375 1457
2022 1374 1598
2845 1374 1583
2172 1373 1607
3955 1372 1720
1409 1372 1602
4818 1372 1591
369 1372 1488
3174 1372 1471
1788 1372 1457
5432 1371 1577
2359 1371 1487
4099 1370 1598
5830 1370 1456
450 1369 1492
3942 1369 1461
5692 1369 1459
3511 1368 1612
2745 1368 1610
5425 1368 1588
2400 1368 1579
3755 1368 1494
2060 1368 1479
3031 1368 1478
2255 1368 1459
3649 1367 1709
5725 1367 1454
4319 1366 1718
6049 1366 1601
2651 1366 1599
472 1366 1504
1542 1365 1605
3686 1365 1486
878 1365 1477
3254 1365 1470
1810 1365 1464
349 1364 1714
5829 1364 1587
2403 1364 1507
4563 1364 1478
4612 1363 1793
1829 1362 1492
5962 1362 1470
3027 1361 1782
4962 1361 1619
4553 1361 1609
1118 1361 1508
3597 1361 1500
3954 1361 1494
799 1361 1479
4482 1361 1465
1329 1360 1574
5585 1360 1502
2239 1360 1501
2495 1360 1494
395 1360 1478
3342 1359 1722
2830 1359 1517
1401 1359 1496
5887 1359 1492
5455 1359 1463
321 1358 1765
2683 1358 1750
2569 1358 1621
1560 1358 1581
3737 1358 1519
2440 1357 1723
2657 1357 1609
4604 1357 1607
4634 1357 1578
4669 1357 1540
5292 1357 1522
2263 1357 1485
184 1357 1467
4260 1356 1609
1846 1356 1601
2589 1356 1526
3580 1356 1499
4516 1356 1490
4241 1356 1464
4610 1355 1595
1202 1355 1528
567 1355 1511
6139 1355 1499
3202 1355 1486
1130 1355 1474
999 1355 1455
3414 1354 1600
2335 1354 1574
4518 1354 1512
549 1354 1492
1427 1354 1469
1621 1353 1759
3038 1353 1725
2794 1353 1709
2740 1353 1535
5591 1353 1527
2972 1353 1517
1358 1353 1471
3589 1352 1712
271 1352 1617
1454 1352 1601
29 1352 1592
1463 1352 1479
8 1352 1469
4837 1351 1608
2256 1351 1530
1570 1351 1519
3700 1351 1498
5011 1351 1487
1551 1350 1603
4299 1350 1476
4674 1349 1721
3667 1349 1602
1638 1349 1590
4075 1349 1585
272 1349 1506
5115 1349 1500
502 1349 1486
4399 1349 1482
4412 1349 1478
2363 1349 1474
2313 1349 1467
5722 1348 1464
2727 1347 1622
1151 1347 1600
3571 1347 1583
1411 1347 1545
4378 1347 1541
4284 1347 1482
616 1346 1484
4729 1346 1482
1961 1346 1460
5348 1345 1503
1962 1345 1490
5877 1345 1482
1040 1345 1467
1988 1344 1514
3904 1344 1511
5619 1343 1758
4593 1343 1709
497 1343 1545
5431 1343 1514
4430 1343 1493
624 1343 1472
865 1343 1466
3876 1343 1463
3321 1343 1454
3501 1342 1585
4141 1341 1705
212 1341 1593
3914 1341 1471
4639 1341 1467
4150 1341 1458
5377 1340 1493
107 1340 1479
4447 1340 1458
5161 1339 1477
627 1339 1460
4656 1339 1457
2046 1338 1541
5140 1338 1537
3728 1338 1531
4027 1338 1506
786 1338 1486
2804 1338 1480
1399 1337 1527
1206 1337 1472
4526 1336 1726
1289 1336 1529
932 1336 1513
4403 1336 1499
1342 1336 1478
995 1336 1465
4162 1335 1542
674 1335 1491
531 1335 1481
3223 1335 1456
716 1334 1498
4201 1334 1478
322 1334 1464
3839 1333 1545
2802 1333 1533
4414 1333 1490
772 1332 1539
4442 1332 1510
4963 1332 1505
4895 1332 1476
6188 1332 1473
3246 1332 1458
2470 1331 1722
3424 1331 1520
958 1331 1503
6071 1330 1711
2150 1330 1545
4510 1330 1527
2860 1329 1522
1250 1329 1488
3072 1329 1467
2291 1329 1456
1840 1328 1508
5693 1328 1486
5213 1327 1543
4648 1327 1525
3599 1327 1513
203 1327 1506
2290 1327 1489
5162 1326 1513
2632 1326 1493
2008 1326 1483
3470 1325 1480
4786 1324 1711
5883 1322 1479
1266 1321 1536
430 1321 1500
2636 1320 1535
3844 1319 1482
1826 1318 1475
5474 1317 1502
670 1317 1489
1231 1316 1492
285 1315 1706
2505 1314 1498
4821 1313 1497
3531 1313 1494
1275 1313 1486
6044 1313 1475
5083 1312 1533
3488 1312 1474
4400 1311 1656
2706 1310 1654
4086 1310 1483
2599 1310 1474
125 1309 1496
5 1306 1480
2154 1302 1654
1166 1301 1485
4958 1300 1653
81 1300 1652
3564 1293 1693
4499 1288 1625
3572 1287 1684
291 1287 1490
4804 1286 1492
149 1285 1699
3632 1285 1497
540 1284 1486
1699 1282 1616
4068 1281 1611
5812 1280 1687
3871 1279 1493
1997 1279 1490
1381 1277 1623
2552 1276 1683
4273 1274 1614
1898 1273 1618
3096 1273 1506
695 1272 1615
5234 1271 1498
1816 1270 1616
1087 1269 1626
1364 1268 1683
254 1268 1622
4647 1268 1613
231 1268 1612
791 1267 1508
3062 1264 1607
6073 1264 1591
2165 1263 1562
5663 1263 1516
6164 1262 1521
4857 1261 1621
3211 1260 1679
5158 1260 1562
4617 1260 1549
1951 1259 1595
2366 1259 1567
3299 1258 1559
158 1258 1544
3227 1258 1530
1320 1257 1559
3399 1257 1553
4777 1255 1681
2511 1255 1551
2738 1254 1554
1122 1254 1523
4176 1252 1528
5509 1251 1571
3304 1251 1554
989 1251 1535
4871 1250 1568
5640 1250 1546
3018 1249 1534
1787 1249 1525
5135 1248 1633
6230 1248 1558
3143 1248 1554
2798 1247 1607
927 1246 1555
4188 1244 1545
1395 1243 1611
404 1241 1638
3300 1240 1611
5606 1238 1623
923 1237 1607
3195 1234 1636
4572 1231 1620
2300 1230 1612
5423 1230 1604
645 1225 1686
4535 1219 1606
134 1218 1671
191 1218 1653
122 1216 1654
500 1215 1650
4213 1211 1601
1836 1211 1598
3935 1209 1670
4226 1209 1662
208 1208 1568
3460 1202 1573
917 1200 1567
2024 1168 1563
4023 1163 1562
1242 1154 1557
2703 1149 1555
4549 1147 1533
5189 1132 1545
5045 1132 1529
2043 1131 1533
3239 1128 1531
3451 1116 1541
1548 1113 1544
4640 1111 1538
4581 1091 1532
768 1082 1532
3568 1080 1537
1470 1076 1533
3626 1076 1528
2439 1068 1528
5325 1062 1527
1677 1059 1521
3598 1055 1530
1766 1052 1544
4268 1051 1549
5442 1050 1550
2785 1046 1570
2139 1046 1500
4183 1043 1582
3561 1041 1595
4479 1041 1584
2652 1038 1588
4037 1036 1576
584 1036 1508
1011 1032 1594
5625 1028 1589
2191 1027 1583
5111 1027 1515
3279 1025 1594
4564 1025 1584
2892 1023 1588
920 1022 1516
2199 1020 1555
3322 1017 1605
2808 1014 1574
832 1013 1567
4285 1012 1537
1062 1010 1573
3502 1009 1735
3438 1006 1589
4171 1006 1582
5358 997 1579
1768 995 1595
5464 992 1582
4312 989 1584
2840 984 1586
2405 983 1720
4230 983 1590
175 982 1589
4101 978 1714
1636 978 1699
3217 974 1605
1514 971 1609
2924 969 1614
966 967 1678
4606 966 1676
2819 964 1667
5299 963 1634
4031 962 1671
1285 960 1668
2399 958 1645
5681 957 1642
5357 1688 1655
810 1687 1655
4788 1685 1671
2387 1684 1680
3051 1684 1675
1170 1684 1665
1977 1684 1655
853 1684 1648
3602 1683 1664
2184 1683 1663
991 1682 1678
1391 1682 1661
2986 1682 1659
3128 1682 1650
571 1681 1672
4209 1681 1671
34 1681 1662
4608 1681 1657
2536 1680 1689
4630 1680 1666
1019 1680 1665
3149 1680 1647
2539 1679 1692
2375 1679 1687
5610 1679 1684
263 1679 1660
3807 1679 1646
511 1678 1678
4947 1678 1674
5733 1678 1673
2714 1678 1671
1344 1677 1689
1704 1677 1673
4346 1677 1652
6009 1676 1680
182 1676 1678
3972 1675 1694
3220 1675 1675
5015 1675 1669
6065 1675 1642
4771 1674 1689
475 1674 1677
1682 1674 1654
1150 1674 1653
5544 1673 1698
2036 1673 1692
3569 1673 1653
5986 1673 1650
270 1672 1651
2976 1671 1647
781 1670 1698
4234 1670 1689
1595 1669 1702
924 1669 1642
2784 1669 1638
1396 1669 1637
4471 1669 1634
795 1668 1635
2013 1667 1638
2132 1667 1634
330 1667 1633
5281 1666 1636
3620 1666 1635
2828 1665 1701
2545 1665 1640
3682 1664 1704
3787 1664 1639
3679 1663 1699
3721 1660 1632
5422 1659 1709
2520 1659 1635
368 1659 1630
744 1658 1702
505 1658 1632
1014 1657 1705
973 1657 1635
4394 1657 1629
4046 1654 1637
5794 1654 1636
5919 1654 1635
5154 1653 1709
2691 1652 1716
442 1652 1629
6159 1650 1716
6093 1649 1710
1473 1648 1629
145 1647 1721
1212 1647 1626
1 1646 1631
621 1646 1625
5558 1645 1634
3730 1645 1630
5060 1645 1625
1918 1643 1626
3905 1642 1624
949 1641 1726
3688 1641 1720
1217 1639 1719
2811 1639 1630
633 1638 1723
1233 1637 1725
5787 1636 1729
4676 1636 1625
2322 1635 1718
3056 1635 1622
3245 1634 1628
1035 1633 1769
5270 1633 1732
89 1633 1731
4300 1633 1727
6166 1633 1725
5645 1631 1769
1585 1631 1729
473 1630 1731
650 1630 1627
213 1629 1768
5846 1628 1773
2571 1628 1732
3066 1628 1626
1031 1627 1744
5708 1626 1740
1432 1626 1736
153 1625 1752
2849 1625 1741
1117 1625 1616
4909 1624 1624
4801 1622 1756
2061 1622 1747
5897 1621 1748
3610 1621 1747
2645 1621 1745
452 1620 1759
308 1620 1621
262 1619 1758
4546 1619 1755
3526 1618 1787
1200 1618 1759
3118 1618 1757
148 1618 1614
6171 1616 1764
3615 1616 1758
2591 1616 1757
693 1615 1758
4533 1615 1618
518 1615 1612
3126 1614 1791
3833 1614 1765
1417 1614 1759
4391 1614 1613
4196 1613 1620
5133 1613 1611
612 1612 1793
773 1612 1610
952 1611 1613
3284 1611 1610
4494 1610 1615
5975 1609 1620
3698 1609 1618
4862 1609 1617
2534 1608 1797
4953 1608 1614
4222 1607 1616
565 1607 1614
6144 1607 1577
1013 1607 1564
986 1607 1563
474 1605 1615
2732 1605 1584
3298 1605 1581
4369 1605 1578
6219 1605 1561
886 1605 1560
2595 1604 1584
703 1604 1556
826 1603 1590
4102 1603 1589
252 1603 1565
2369 1602 1803
2397 1602 1593
2066 1602 1556
5203 1601 1596
2326 1601 1590
4792 1601 1587
3463 1601 1575
5243 1601 1571
4232 1601 1565
2050 1600 1586
4322 1600 1562
5231 1600 1560
4707 1599 1805
4432 1599 1600
1600 1599 1586
1095 1599 1568
2565 1598 1809
3699 1598 1585
1730 1598 1583
824 1598 1581
5881 1598 1570
2393 1598 1555
2543 1598 1554
1359 1598 1547
4392 1597 1567
1575 1597 1566
4705 1596 1812
2254 1596 1806
1821 1596 1597
5001 1596 1562
2169 1596 1555
3127 1595 1813
2888 1595 1608
4506 1595 1599
1010 1595 1557
141 1595 1545
5827 1594 1554
3323 1594 1550
4851 1594 1549
2108 1594 1546
1587 1593 1590
4380 1592 1604
2990 1592 1537
5309 1591 1813
5250 1591 1811
2649 1591 1808
2962 1591 1627
2296 1591 1598
2510 1591 1592
1569 1591 1590
1376 1591 1587
1811 1591 1560
4045 1591 1555
5476 1591 1537
4782 1590 1620
5932 1590 1596
4746 1590 1591
1973 1590 1533
5496 1589 1625
811 1589 1612
724 1589 1609
1038 1589 1607
4065 1589 1606
5289 1589 1561
5654 1589 1558
3557 1589 1550
2213 1588 1814
992 1588 1604
4799 1588 1556
5469 1588 1530
3516 1587 1811
1519 1587 1604
427 1587 1550
4748 1587 1539
5922 1587 1529
5514 1586 1616
2003 1586 1614
1489 1586 1535
5542 1586 1529
5034 1585 1623
4596 1585 1608
373 1585 1604
3549 1585 1600
235 1584 1818
2168 1584 1813
3766 1584 1632
267 1584 1628
813 1584 1612
426 1584 1537
2937 1583 1821
6179 1583 1819
5581 1583 1621
1721 1583 1607
4195 1582 1628
5224 1582 1624
5611 1581 1525
4441 1580 1822
4016 1580 1530
3767 1578 1820
3991 1578 1518
1911 1577 1826
3481 1577 1822
2081 1576 1820
2345 1576 1512
4605 1575 1508
1667 1574 1515
1626 1574 1512
5772 1574 1511
4489 1573 1523
573 1573 1512
2580 1573 1509
4832 1573 1506
5089 1572 1511
72 1572 1506
2631 1571 1824
2083 1571 1514
4571 1571 1507
277 1570 1825
3375 1570 1513
2441 1569 1826
2332 1569 1511
4607 1567 1832
2801 1567 1515
5999 1567 1507
3716 1566 1824
4419 1565 1512
172 1565 1506
1120 1564 1510
4239 1564 1509
3953 1564 1503
3694 1563 1506
2211 1563 1503
2537 1562 1495
1408 1561 1501
5211 1561 1500
179 1561 1494
4773 1560 1503
4408 1560 1495
4565 1559 1500
1410 1558 1828
946 1558 1507
560 1558 1501
4032 1558 1494
432 1557 1504
5963 1557 1501
5112 1557 1494
3627 1555 1503
5280 1555 1498
5723 1554 1503
5547 1553 1829
5870 1553 1493
1398 1552 1842
1672 1552 1838
2347 1552 1834
5253 1551 1502
3794 1550 1498
5013 1549 1837
3473 1549 1495
5072 1549 1493
950 1548 1830
715 1547 1498
4930 1546 1789
1765 1545 1840
1643 1545 1787
1922 1545 1784
82 1544 1491
720 1543 1798
3048 1543 1499
1823 1542 1839
1081 1542 1499
5255 1542 1497
2448 1542 1492
5242 1541 1834
1757 1540 1773
2018 1540 1771
1913 1538 1499
257 1538 1493
260 1538 1492
292 1537 1837
2445 1537 1772
65 1536 1847
1167 1536 1834
921 1536 1832
1559 1536 1772
436 1535 1841
2715 1535 1492
5134 1534 1849
4433 1534 1803
1003 1534 1497
3949 1534 1496
4566 1533 1831
237 1533 1769
1351 1533 1764
3445 1532 1845
3921 1532 1841
3862 1531 1841
5735 1531 1768
3874 1531 1495
1634 1531 1492
2898 1531 1490
4722 1531 1489
1579 1529 1844
3960 1529 1839
351 1529 1493
882 1529 1489
1378 1528 1850
3069 1528 1843
4117 1528 1772
2681 1528 1771
2324 1527 1845
6236 1526 1754
1952 1524 1840
5347 1524 1830
3847 1524 1490
3661 1523 1831
6126 1523 1765
1521 1522 1764
5099 1522 1757
762 1521 1844
1642 1521 1832
873 1521 1765
4294 1520 1494
5142 1520 1492
1229 1519 1848
4570 1519 1751
6120 1517 1832
5005 1516 1832
298 1516 1827
5806 1516 1800
348 1515 1838
846 1515 1837
3388 1515 1827
365 1515 1506
5990 1515 1502
4434 1514 1759
2311 1514 1511
6193 1513 1756
5629 1513 1504
3091 1512 1745
120 1512 1505
2480 1511 1840
2423 1511 1746
3261 1510 1832
5959 1510 1801
4449 1509 1798
2721 1509 1506
5401 1507 1823
6123 1507 1504
2882 1506 1754
3170 1505 1831
4791 1505 1504
147 1501 1747
503 1501 1746
5765 1500 1842
2751 1500 1807
6231 1498 1888
4286 1498 1816
1799 1498 1798
3070 1496 1813
5106 1494 1818
2586 1494 1806
4798 1494 1500
620 1493 1849
1154 1493 1844
1093 1493 1754
3854 1493 1504
3293 1492 1810
4112 1491 1850
6029 1491 1839
3219 1491 1502
748 1491 1497
2638 1490 1844
3456 1490 1747
293 1490 1745
5052 1489 1850
2933 1488 1847
3725 1488 1493
1804 1486 1748
586 1485 1815
1162 1484 1804
4266 1484 1493
6168 1483 1759
4925 1483 1498
5023 1482 1849
1030 1481 1809
3796 1480 1833
5027 1480 1810
5696 1480 1491
4845 1479 1861
3131 1479 1825
1775 1479 1818
1984 1479 1815
617 1479 1809
5447 1479 1761
3652 1478 1818
3050 1478 1497
1123 1476 1871
5164 1476 1757
5186 1476 1498
5062 1475 1868
5712 1475 1827
730 1475 1815
4410 1475 1490
2049 1474 1856
5649 1474 1852
1354 1474 1806
1356 1474 1755
94 1474 1493
841 1473 1490
3892 1472 1871
1780 1472 1855
5017 1472 1818
4587 1472 1802
152 1472 1767
4843 1470 1830
4819 1470 1490
5888 1470 1488
667 1469 1879
3674 1469 1865
5760 1468 1863
829 1468 1859
3678 1468 1851
4021 1468 1835
664 1468 1771
2411 1468 1762
3842 1468 1761
5202 1468 1493
4054 1467 1766
415 1466 1492
5033 1466 1487
546 1465 1879
1178 1465 1876
2333 1465 1845
5666 1465 1779
2068 1465 1492
6202 1464 1867
3797 1464 1804
414 1464 1489
2506 1463 1869
4853 1463 1864
4484 1463 1848
5454 1463 1838
5470 1463 1831
5264 1463 1785
2299 1463 1488
4592 1462 1875
2522 1462 1823
4949 1462 1807
5206 1462 1492
948 1461 1889
5285 1461 1805
4240 1461 1804
5954 1461 1780
1126 1461 1488
4025 1461 1487
2889 1460 1846
3835 1460 1790
1291 1460 1490
3806 1459 1867
4838 1459 1843
827 1459 1836
1039 1458 1890
3813 1457 1854
5288 1457 1823
183 1457 1778
6048 1457 1492
4121 1456 1874
1082 1456 1493
3358 1456 1489
355 1454 1842
998 1454 1780
4662 1454 1493
4316 1453 1826
5813 1453 1782
5996 1452 1868
5321 1452 1486
5706 1452 1485
1697 1451 1797
1437 1451 1790
6245 1451 1789
154 1451 1488
5931 1451 1487
2053 1450 1830
1662 1450 1788
3696 1450 1488
4631 1449 1888
849 1449 1820
3054 1448 1816
3809 1448 1810
5500 1448 1805
706 1447 1809
5634 1447 1486
4313 1446 1852
1835 1446 1835
4478 1445 1868
3601 1443 1876
1370 1443 1858
5487 1443 1817
3717 1442 1886
1205 1442 1855
2728 1442 1836
5993 1442 1830
6210 1442 1490
5400 1440 1834
5911 1440 1825
4716 1440 1813
974 1440 1494
5239 1440 1492
4165 1439 1811
4706 1438 1883
3616 1437 1863
1055 1437 1813
5647 1436 1870
3238 1436 1838
568 1435 1806
5181 1434 1886
4128 1434 1845
646 1434 1496
4396 1433 1492
1419 1433 1490
4153 1433 1487
3608 1432 1842
1456 1431 1908
5156 1431 1852
2126 1431 1487
1709 1430 1891
752 1429 1887
2070 1429 1878
1461 1429 1492
3138 1429 1491
559 1428 1910
654 1427 1799
1715 1427 1481
4955 1426 1900
1716 1425 1483
342 1424 1869
2556 1424 1842
5341 1423 1496
1234 1423 1487
4641 1422 1820
3745 1422 1494
4043 1422 1488
1936 1422 1484
74 1422 1482
844 1421 1875
4426 1421 1829
433 1421 1821
4375 1420 1893
2272 1420 1482
5991 1420 1478
4083 1419 1841
1182 1417 1850
5360 1416 1849
5843 1414 1473
1443 1414 1470
4160 1412 1808
3778 1411 1810
5411 1411 1807
39 1410 1880
2684 1409 1836
1077 1408 1888
5552 1408 1465
4355 1406 1813
2863 1405 1463
3462 1404 1856
5059 1404 1844
1954 1403 1473
4383 1402 1829
4975 1402 1826
6151 1401 1469
5539 1400 1806
2197 1400 1466
5410 1399 1456
3173 1398 1467
5175 1396 1812
4372 1395 1454
4982 1394 1467
5680 1391 1462
3614 1389 1464
5086 1389 1463
304 1389 1459
448 1389 1455
4960 1388 1465
1363 1384 1802
5992 1381 1832
493 1380 1810
1748 1363 1795
2941 1348 1778
2269 1330 1729
1927 1328 1461
3761 1327 1472
2756 1325 1773
2153 1323 1472
692 1323 1470
2583 1319 1473
1098 1317 1743
4287 1315 1746
1526 1311 1731
5012 1309 1763
4719 1295 1731
1890 1290 1671
5459 1289 1712
2460 1288 1735
2711 1287 1637
3738 1285 1658
2923 1282 1646
2626 1281 1656
3719 1280 1641
2143 1280 1635
2904 1279 1697
1731 1279 1661
2977 1278 1715
1402 1277 1698
5746 1277 1661
2136 1276 1670
2486 1275 1635
2521 1271 1492
1115 1270 1494
593 1269 1723
6082 1269 1633
5837 1267 1634
2001 1267 1630
5817 1267 1490
5951 1266 1496
3429 1266 1489
591 1263 1502
3970 1263 1494
2198 1261 1637
4578 1261 1498
5019 1259 1695
4562 1258 1700
3206 1258 1670
1929 1256 1508
1843 1256 1503
84 1254 1692
4187 1252 1712
3908 1252 1633
3278 1251 1662
1258 1248 1585
438 1248 1514
504 1245 1581
4042 1243 1556
2182 1242 1561
4813 1242 1545
5404 1240 1589
4585 1239 1668
4643 1239 1581
185 1238 1526
3705 1237 1586
5968 1237 1579
3529 1237 1572
4761 1235 1663
5646 1234 1588
1027 1234 1570
4772 1234 1561
3780 1231 1593
2469 1224 1579
2936 1222 1567
389 1220 1589
3500 1216 1561
3585 1210 1576
2052 1207 1579
225 1195 1564
5679 1191 1559
3710 1188 1559
2810 1180 1553
3528 1175 1554
4103 1174 1556
5821 1163 1540
5682 1161 1545
770 1156 1533
2464 1156 1527
5149 1154 1536
5277 1148 1531
4379 1147 1531
5637 1141 1527
5041 1139 1520
4060 1137 1526
3303 1127 1526
4177 1116 1530
4614 1114 1530
2813 1108 1527
2316 1104 1528
3308 1102 1534
2483 1092 1530
2175 1091 1530
1785 1087 1519
557 1072 1509
583 1061 1512
2412 1056 1508
4334 1048 1520
1070 1047 1517
3008 1047 1511
4976 1042 1497
3915 1036 1501
2388 1035 1498
6208 1029 1567
754 1026 1579
4109 1026 1500
6220 1023 1506
3628 1021 1511
4994 1014 1514
4620 1010 1556
3305 1007 1560
3894 1005 1528
5627 1002 1525
5188 999 1554
3827 995 1574
496 992 1565
1172 989 1541
4820 988 1543
3253 986 1568
3928 982 1568
4118 978 1569
1018 974 1590
3392 973 1592
1153 972 1589
2796 970 1711
2792 968 1585
1246 965 1690
5393 962 1590
4013 958 1604
4665 956 1660
6011 955 1660
5761 951 1645
3743 950 1628
5970 948 1623
3205 1700 1678
3988 1700 1673
5413 1699 1677
4776 1698 1683
2125 1697 1676
2839 1696 1688
4259 1695 1676
422 1695 1667
4582 1694 1669
190 1694 1665
890 1694 1641
4733 1693 1674
4543 1693 1664
3978 1693 1652
4067 1692 1682
2578 1692 1681
5690 1692 1657
3742 1691 1678
2806 1691 1662
1365 1691 1660
3093 1691 1652
3255 1691 1640
1332 1690 1679
1702 1690 1672
87 1690 1670
5906 1690 1667
1029 1690 1642
3641 1689 1692
3857 1689 1686
6239 1688 1698
1091 1688 1691
6054 1688 1679
5860 1688 1651
4697 1687 1699
1020 1687 1681
4621 1687 1641
2978 1687 1637
4091 1686 1700
2938 1686 1685
5795 1686 1660
1947 1686 1659
698 1686 1648
5339 1686 1645
2859 1685 1689
5854 1684 1701
3361 1684 1631
4056 1683 1703
1469 1682 1701
4986 1682 1698
2428 1681 1703
972 1681 1641
3270 1680 1632
140 1679 1640
5802 1679 1632
4967 1679 1627
4468 1678 1639
5070 1677 1700
2075 1676 1703
5148 1676 1639
1912 1676 1634
4660 1676 1631
3877 1676 1626
2122 1675 1639
2758 1673 1706
2744 1673 1635
5929 1673 1634
5183 1673 1624
1049 1671 1710
3490 1671 1709
1797 1671 1634
5779 1671 1628
3718 1671 1625
4922 1671 1624
193 1670 1634
4891 1670 1624
899 1669 1631
1802 1669 1623
144 1668 1630
5863 1668 1627
3841 1667 1714
3033 1667 1709
4858 1666 1712
5709 1666 1630
174 1666 1621
975 1664 1715
3452 1662 1630
5525 1661 1629
828 1661 1621
3582 1660 1629
2319 1660 1622
3980 1658 1622
1360 1658 1617
2476 1657 1626
3897 1657 1619
4073 1656 1718
845 1655 1624
4041 1654 1718
491 1652 1625
2422 1651 1623
5788 1651 1616
1385 1650 1723
4695 1650 1624
2115 1650 1618
5215 1649 1732
1527 1648 1733
4717 1646 1735
4277 1646 1611
5118 1645 1741
361 1645 1740
197 1645 1731
1576 1644 1730
5566 1644 1612
1425 1642 1749
486 1642 1739
4789 1642 1736
5369 1642 1618
1762 1641 1622
5671 1641 1617
5434 1641 1609
2707 1637 1739
306 1637 1619
6128 1637 1617
1781 1636 1604
1949 1635 1746
4580 1635 1611
3 1634 1608
5580 1634 1602
1689 1633 1772
1904 1633 1745
3116 1633 1605
2619 1633 1604
249 1632 1743
4456 1632 1616
2208 1632 1610
2909 1632 1608
4092 1631 1604
4912 1630 1617
5187 1628 1614
510 1628 1597
3256 1628 1595
2809 1627 1782
5923 1627 1759
5995 1627 1757
1383 1627 1608
1986 1626 1758
3007 1626 1596
1568 1625 1785
3420 1625 1765
3775 1625 1604
2743 1625 1601
2186 1625 1596
4683 1624 1610
2891 1622 1762
1260 1622 1609
4704 1621 1787
2034 1621 1576
3145 1620 1604
960 1620 1587
4421 1619 1793
700 1619 1581
5254 1619 1563
5942 1618 1582
2731 1618 1562
3089 1617 1580
3647 1617 1576
4438 1617 1559
3740 1616 1800
1418 1616 1794
4384 1616 1604
2568 1616 1579
131 1616 1569
6194 1615 1795
3836 1615 1603
268 1615 1597
4915 1615 1584
2310 1615 1580
4749 1614 1562
3594 1613 1596
2846 1613 1561
2735 1612 1604
3712 1612 1577
2148 1612 1561
822 1611 1605
5530 1611 1590
4611 1611 1583
5867 1611 1554
1719 1610 1807
6155 1610 1591
1067 1610 1585
4907 1609 1564
3723 1608 1809
554 1608 1605
1653 1608 1551
105 1607 1812
5847 1607 1611
5819 1607 1601
743 1607 1590
556 1607 1549
1193 1605 1613
3347 1604 1613
4307 1604 1609
2380 1604 1603
1097 1604 1596
5043 1604 1534
861 1603 1809
5950 1603 1603
3373 1603 1550
421 1603 1549
314 1602 1601
4827 1602 1597
2285 1602 1536
5941 1601 1817
2344 1601 1549
6098 1601 1544
4568 1600 1816
717 1600 1618
5332 1600 1536
3099 1599 1813
4359 1599 1613
4514 1599 1604
1852 1597 1619
5354 1597 1615
35 1597 1611
3703 1596 1617
5405 1596 1538
4609 1596 1533
5771 1596 1525
4480 1595 1820
3773 1595 1615
4306 1594 1819
736 1594 1537
4780 1594 1534
4574 1594 1530
5169 1594 1528
4142 1592 1826
587 1591 1532
3587 1591 1530
797 1591 1525
2307 1590 1819
2890 1590 1530
2250 1590 1522
1507 1590 1521
1978 1587 1521
541 1587 1517
408 1586 1505
5438 1585 1822
1247 1585 1515
6016 1585 1508
918 1584 1515
767 1583 1506
1563 1582 1826
469 1582 1495
2708 1581 1517
5905 1581 1514
5600 1581 1508
4554 1580 1511
5014 1580 1495
343 1579 1829
2089 1579 1512
5774 1578 1509
4730 1577 1508
1554 1577 1500
659 1577 1489
1224 1576 1498
5880 1575 1830
4144 1575 1489
4305 1575 1485
3993 1574 1833
2223 1573 1502
1116 1573 1501
5397 1573 1495
5373 1571 1844
206 1568 1835
2117 1568 1494
1502 1568 1490
2384 1567 1496
4147 1565 1487
5786 1562 1850
1377 1558 1851
872 1558 1487
4721 1556 1483
2579 1551 1856
61 1551 1846
911 1551 1489
5392 1551 1485
5226 1550 1485
2382 1549 1486
1763 1547 1860
733 1546 1864
1076 1546 1856
1132 1545 1485
888 1544 1795
362 1543 1483
2570 1542 1869
3638 1542 1489
971 1539 1484
3371 1538 1861
990 1538 1792
1259 1538 1484
2761 1537 1859
5971 1536 1485
4113 1535 1862
4204 1535 1860
3085 1534 1486
5308 1532 1783
6156 1531 1787
5381 1530 1860
4527 1530 1793
2487 1529 1858
3476 1529 1485
326 1528 1488
3933 1527 1778
2076 1527 1483
2023 1525 1774
2218 1525 1483
5055 1524 1778
1509 1524 1486
2478 1524 1482
3818 1523 1818
2297 1523 1486
1506 1522 1862
5402 1522 1785
1833 1520 1855
3457 1520 1778
3966 1520 1770
3566 1519 1820
2063 1519 1819
3505 1519 1484
1428 1518 1788
590 1517 1810
509 1516 1776
4521 1516 1773
2232 1516 1481
5704 1515 1497
4149 1514 1496
4080 1513 1811
3251 1512 1771
5090 1512 1497
339 1512 1491
381 1511 1779
6147 1509 1758
2942 1508 1767
1960 1505 1497
1012 1505 1493
2660 1505 1490
5651 1504 1769
2886 1502 1764
1680 1502 1493
5801 1502 1492
3496 1500 1773
3412 1500 1487
5406 1499 1493
3977 1499 1490
6255 1498 1772
5513 1498 1488
5071 1497 1486
5642 1496 1491
951 1495 1493
2488 1495 1489
2082 1494 1764
4140 1494 1759
2459 1492 1494
3368 1491 1493
3316 1488 1483
5192 1487 1490
5595 1486 1894
384 1486 1777
1072 1485 1490
2472 1484 1764
1903 1483 1761
5128 1483 1482
299 1482 1767
1191 1481 1788
6012 1481 1777
2554 1481 1486
2466 1480 1779
6122 1479 1483
358 1478 1790
2834 1478 1488
5842 1477 1894
1152 1477 1771
2212 1477 1481
4005 1476 1766
2919 1476 1482
3887 1475 1481
3551 1474 1485
3078 1473 1895
4544 1473 1771
4797 1472 1786
2763 1472 1779
3160 1471 1905
3562 1470 1900
3609 1469 1486
3345 1468 1791
241 1468 1485
3314 1467 1789
1127 1467 1485
4928 1466 1787
233 1464 1793
5587 1463 1484
709 1463 1478
3044 1462 1484
5079 1460 1484
2 1459 1478
3722 1458 1907
188 1458 1482
402 1458 1481
4387 1457 1481
1209 1454 1906
3265 1453 1477
37 1451 1901
5150 1451 1481
1921 1450 1482
4677 1450 1481
638 1449 1474
2262 1447 1473
516 1444 1471
3377 1442 1904
3676 1440 1475
3899 1440 1474
3709 1440 1473
3795 1440 1472
5471 1438 1480
1063 1437 1474
443 1434 1478
4500 1433 1472
3224 1433 1470
5101 1430 1477
3097 1430 1472
3430 1430 1470
2096 1429 1473
307 1428 1475
5174 1428 1468
4208 1424 1916
2099 1424 1474
3882 1422 1479
5366 1421 1469
5734 1419 1468
4591 1418 1463
4154 1418 1462
4657 1417 1464
5608 1414 1467
737 1414 1461
3465 1412 1458
5209 1412 1452
1891 1409 1464
3397 1409 1453
4055 1408 1460
1899 1407 1460
4688 1407 1450
2947 1406 1460
4081 1405 1459
5814 1402 1449
166 1402 1443
5295 1401 1452
1932 1400 1896
1670 1400 1892
807 1399 1889
3109 1399 1447
2760 1398 1893
5326 1398 1448
4283 1397 1452
1807 1394 1892
788 1389 1859
2787 1385 1849
5152 1382 1884
4123 1382 1824
3873 1380 1870
5461 1379 1867
3690 1379 1865
6203 1379 1844
441 1377 1449
1346 1371 1810
4929 1371 1452
5683 1371 1449
5324 1370 1445
524 1369 1807
4767 1366 1815
4098 1365 1451
5022 1364 1446
4745 1363 1450
4559 1361 1448
119 1360 1807
5024 1359 1444
3336 1359 1440
3013 1358 1451
444 1358 1442
2432 1358 1441
3840 1355 1809
2696 1354 1450
2824 1354 1447
1692 1354 1441
3426 1350 1443
2244 1346 1443
2409 1345 1450
2086 1341 1788
2289 1341 1448
1693 1338 1445
5955 1331 1453
4095 1305 1475
928 1303 1476
2837 1300 1472
3225 1300 1471
2610 1298 1480
3555 1298 1479
1478 1296 1477
2242 1290 1479
2762 1285 1760
5297 1284 1477
3584 1278 1479
5473 1276 1479
1053 1275 1484
3349 1272 1481
5427 1264 1487
4992 1258 1497
3576 1254 1494
3363 1253 1502
5460 1247 1508
2544 1245 1506
1338 1243 1508
5486 1241 1509
5695 1239 1519
387 1237 1522
968 1235 1526
456 1234 1532
1945 1234 1528
4702 1231 1542
340 1230 1535
6213 1229 1535
3800 1223 1539
4501 1222 1554
1845 1219 1549
837 1217 1552
3956 1207 1550
2095 1200 1550
2354 1198 1552
3433 1197 1543
4308 1184 1540
25 1175 1530
1711 1168 1531
4475 1155 1518
3378 1154 1520
3120 1153 1514
6174 1152 1516
1222 1150 1514
6111 1147 1512
802 1144 1516
3165 1119 1526
146 1109 1520
1540 1101 1521
4235 1099 1516
4785 1089 1509
555 1069 1507
1884 1062 1500
1210 1060 1501
1651 1051 1500
1516 1033 1493
2816 1029 1498
2950 1023 1501
729 1023 1499
5770 1018 1499
1125 1012 1511
935 1006 1511
4985 1006 1509
4670 1004 1510
4320 997 1735
850 996 1525
2072 995 1523
6253 994 1525
943 993 1525
3214 983 1562
2020 981 1549
5889 980 1543
980 977 1565
2214 977 1559
1294 977 1554
600 975 1543
683 973 1539
6105 968 1544
4354 965 1562
3171 963 1712
5084 963 1561
1582 960 1576
956 950 1683
3981 950 1567
2195 947 1672
1596 947 1663
3822 945 1662
2676 939 1641
6251 937 1601
2114 936 1607
4297 936 1580
3924 936 1579
3285 935 1633
3898 935 1623
4353 931 1634
4200 929 1618
2202 927 1618
5274 927 1607
2420 926 1600
996 923 1599
3032 1712 1678
4216 1712 1676
2699 1711 1675
2987 1710 1667
3727 1709 1681
2492 1709 1665
1752 1709 1664
1393 1709 1659
969 1708 1679
1678 1708 1666
2817 1708 1659
779 1708 1658
4910 1708 1657
3053 1707 1676
5926 1707 1671
5356 1706 1684
4636 1706 1676
5825 1706 1673
631 1705 1682
2252 1705 1667
3527 1705 1660
796 1705 1653
4435 1704 1688
840 1704 1674
1017 1704 1669
2360 1704 1666
3591 1704 1650
774 1703 1648
4405 1703 1635
2149 1702 1650
5590 1701 1668
2235 1700 1685
280 1700 1680
2582 1700 1659
4892 1700 1657
3259 1700 1654
5223 1699 1635
316 1698 1637
494 1698 1633
5221 1698 1632
4486 1698 1629
1741 1697 1699
4157 1697 1690
3713 1697 1657
4440 1697 1654
2690 1697 1635
3860 1696 1648
597 1696 1642
1722 1696 1641
4318 1695 1696
5244 1695 1627
5822 1695 1625
3891 1694 1694
2002 1694 1692
5660 1694 1640
1948 1693 1701
1995 1693 1698
2642 1693 1627
2821 1693 1626
4511 1693 1624
1465 1692 1629
4448 1691 1705
2836 1691 1623
5917 1690 1629
2330 1690 1622
4836 1689 1627
1089 1689 1619
4917 1688 1707
904 1688 1623
2605 1688 1617
483 1687 1707
5546 1687 1630
4768 1686 1626
3264 1686 1618
246 1685 1712
2248 1685 1704
3187 1685 1614
1976 1682 1709
1268 1682 1705
979 1681 1617
3644 1680 1626
5138 1679 1619
3760 1679 1618
1165 1678 1621
1295 1678 1609
1879 1677 1709
2453 1677 1608
2759 1675 1714
987 1675 1710
4711 1674 1621
3043 1674 1619
2356 1673 1719
5538 1673 1713
5450 1673 1608
2278 1672 1619
2807 1672 1609
5874 1672 1604
3790 1671 1610
2450 1671 1609
2194 1670 1613
5871 1666 1726
1462 1666 1614
2612 1665 1611
3607 1664 1616
6131 1664 1607
5157 1663 1727
2577 1662 1617
4615 1661 1725
1501 1660 1731
2113 1660 1728
977 1660 1724
3102 1659 1728
5200 1658 1601
3319 1657 1612
4194 1657 1606
563 1656 1726
4931 1655 1736
644 1655 1733
889 1655 1610
214 1655 1605
3848 1654 1612
507 1653 1610
896 1653 1593
5439 1652 1608
3995 1651 1738
5928 1651 1609
6072 1650 1739
4560 1650 1596
1232 1650 1593
5707 1648 1587
3967 1648 1585
3985 1647 1751
2628 1647 1590
1405 1647 1586
6190 1646 1605
1882 1646 1589
4602 1646 1586
5468 1646 1585
5796 1645 1750
1963 1645 1748
3965 1645 1594
3244 1645 1593
4097 1645 1591
2795 1645 1583
5107 1644 1761
243 1644 1751
1865 1644 1747
5085 1644 1605
3087 1644 1589
3711 1644 1581
1286 1644 1580
3286 1642 1584
820 1642 1578
4793 1641 1765
3879 1641 1602
836 1641 1600
1876 1641 1598
883 1641 1587
1375 1640 1585
4503 1640 1583
3000 1640 1580
5095 1639 1768
3990 1639 1747
5136 1638 1747
1296 1638 1595
5869 1637 1747
2327 1637 1596
2045 1637 1595
5948 1637 1584
0 1637 1583
297 1636 1574
3805 1635 1761
3114 1634 1754
3071 1634 1582
4261 1634 1581
377 1634 1569
821 1634 1568
5130 1633 1566
711 1632 1782
2867 1632 1577
544 1632 1565
3621 1631 1587
891 1631 1584
1801 1631 1577
4784 1631 1576
5002 1631 1575
2389 1631 1569
1379 1630 1779
2079 1630 1584
578 1629 1790
1705 1628 1786
6055 1627 1788
5230 1627 1586
5866 1627 1583
3011 1627 1572
5477 1627 1568
3504 1626 1792
3194 1626 1577
1710 1626 1574
2341 1626 1559
5811 1626 1554
1300 1625 1795
913 1625 1584
942 1625 1575
1739 1625 1572
3369 1625 1568
1025 1625 1557
22 1625 1554
4402 1624 1799
1004 1624 1590
1000 1624 1582
5210 1624 1577
5980 1624 1573
1394 1624 1572
4826 1624 1567
1842 1623 1796
1243 1623 1589
492 1623 1554
1510 1622 1592
6244 1622 1548
4406 1621 1795
4076 1621 1590
3135 1620 1805
868 1620 1595
684 1620 1562
5394 1620 1552
4010 1619 1807
2312 1619 1562
719 1618 1546
6232 1617 1806
4186 1617 1550
224 1617 1546
3695 1617 1543
522 1616 1808
5098 1616 1553
3997 1616 1547
192 1616 1540
5983 1616 1494
5056 1615 1538
5717 1615 1491
4588 1614 1810
14 1614 1807
2177 1614 1535
1700 1614 1531
3022 1614 1528
3040 1614 1522
399 1614 1513
1094 1614 1510
5767 1614 1492
2286 1613 1550
3291 1613 1546
54 1613 1522
4333 1613 1515
2071 1613 1513
1476 1613 1506
5907 1612 1531
3957 1612 1523
3763 1612 1519
1288 1612 1497
3113 1612 1492
50 1611 1543
2855 1611 1527
4288 1611 1523
4184 1611 1521
5622 1611 1494
2662 1610 1814
4466 1610 1539
5899 1610 1531
3765 1610 1508
3144 1610 1502
5676 1609 1530
2991 1607 1818
6200 1607 1535
2602 1606 1820
4323 1606 1531
4337 1605 1533
5754 1605 1524
5104 1603 1531
3235 1603 1522
3645 1603 1520
6045 1602 1827
3546 1602 1823
2151 1602 1528
1873 1602 1519
5908 1601 1827
3212 1601 1525
2171 1601 1518
4737 1601 1515
15 1601 1514
2585 1600 1528
3139 1600 1512
5669 1598 1522
4923 1597 1832
4063 1597 1523
6118 1597 1509
3201 1596 1832
1688 1596 1516
4215 1595 1520
1590 1595 1516
2865 1595 1512
4029 1595 1499
1326 1594 1494
5526 1593 1518
479 1593 1513
5805 1593 1508
2284 1592 1491
1241 1592 1482
1671 1592 1481
1784 1591 1503
5196 1591 1497
204 1591 1496
186 1591 1485
1129 1591 1479
5840 1590 1832
3001 1590 1498
2421 1590 1483
2803 1589 1839
2489 1589 1507
2473 1589 1483
2147 1589 1478
4667 1588 1834
3124 1587 1484
4974 1586 1840
3542 1586 1491
5939 1586 1483
1390 1586 1479
3181 1585 1493
1915 1585 1492
6000 1585 1478
269 1584 1840
4633 1584 1486
5333 1582 1477
5428 1581 1487
6080 1581 1484
4904 1581 1477
5293 1580 1479
6033 1579 1852
2121 1576 1843
1505 1574 1845
1614 1574 1482
85 1573 1858
1253 1572 1865
6234 1572 1856
5744 1572 1480
2027 1572 1477
4000 1571 1855
755 1570 1864
1340 1570 1853
3075 1570 1484
4769 1570 1481
4842 1569 1479
5594 1568 1852
4256 1567 1856
5562 1567 1481
2334 1565 1869
4589 1565 1854
5677 1565 1478
4100 1564 1864
2689 1563 1480
6010 1562 1857
1131 1562 1856
5064 1562 1481
5900 1562 1475
1334 1560 1483
3895 1560 1480
3098 1559 1869
3829 1559 1868
5054 1559 1477
5875 1558 1864
2127 1558 1857
5389 1558 1479
1895 1558 1476
2843 1558 1474
2778 1556 1859
3734 1554 1478
5816 1554 1477
5275 1552 1879
4540 1552 1482
3941 1551 1869
3182 1550 1878
168 1549 1878
5756 1549 1475
5374 1547 1873
2093 1547 1480
3640 1545 1481
4301 1544 1876
2124 1544 1473
749 1542 1473
838 1539 1879
4199 1537 1877
423 1537 1867
2028 1535 1476
3086 1535 1474
6088 1534 1473
6216 1533 1867
4613 1533 1474
4723 1531 1873
1668 1531 1478
4139 1530 1479
200 1530 1475
2592 1527 1474
1987 1526 1473
2639 1525 1869
2253 1525 1475
2029 1524 1480
5844 1524 1479
4808 1523 1884
1279 1522 1479
1057 1521 1873
3910 1521 1476
5467 1520 1472
49 1519 1475
6246 1518 1794
3186 1517 1871
6063 1517 1796
4347 1513 1490
1052 1511 1794
2530 1510 1782
1983 1510 1487
2992 1508 1489
3693 1508 1485
680 1508 1479
5909 1507 1484
6081 1507 1481
1148 1505 1484
2523 1503 1476
2368 1502 1796
5495 1502 1791
1580 1502 1484
1896 1502 1483
3356 1502 1475
2564 1501 1485
1555 1500 1482
3665 1500 1480
4811 1499 1892
1065 1499 1781
708 1499 1484
3503 1499 1482
3680 1498 1476
5282 1497 1478
5312 1495 1792
5773 1495 1484
2376 1494 1482
1282 1494 1477
6024 1492 1788
5408 1490 1479
2349 1489 1897
1679 1489 1778
2960 1488 1903
5849 1488 1793
4202 1486 1912
2414 1486 1793
4275 1486 1481
320 1486 1479
5415 1485 1900
2009 1484 1477
5698 1483 1914
5492 1482 1476
4519 1479 1912
3512 1479 1479
653 1479 1478
2737 1478 1917
5621 1477 1908
3518 1476 1475
5452 1472 1476
5249 1471 1475
3781 1470 1478
2893 1468 1469
2729 1467 1474
3404 1465 1911
4927 1464 1472
127 1461 1474
1608 1460 1916
3681 1460 1471
5730 1459 1472
5927 1454 1473
5443 1453 1464
1056 1452 1922
1649 1449 1469
3670 1448 1462
660 1447 1468
2812 1444 1470
4053 1442 1468
3764 1442 1461
6198 1441 1468
1382 1439 1461
3838 1435 1464
5074 1433 1458
907 1431 1465
5688 1431 1461
4282 1427 1918
4700 1427 1465
4104 1427 1460
2502 1424 1463
4755 1418 1450
3210 1417 1440
4151 1413 1436
1487 1411 1439
5103 1411 1437
1434 1408 1443
1032 1406 1922
940 1405 1445
2983 1399 1902
3130 1398 1904
3929 1398 1903
1795 1393 1904
5703 1392 1439
4908 1391 1443
2041 1388 1435
1860 1387 1447
5502 1387 1445
2337 1387 1437
3553 1386 1432
3449 1385 1442
6182 1385 1430
3357 1383 1428
5511 1382 1444
3142 1382 1431
1490 1381 1432
407 1379 1897
4129 1379 1437
4429 1379 1434
2328 1378 1880
2594 1378 1877
6204 1377 1442
6112 1376 1428
2436 1375 1441
2780 1375 1426
3474 1375 1424
5570 1374 1864
110 1374 1446
4652 1374 1423
5573 1373 1438
2077 1373 1424
139 1373 1420
5655 1372 1889
3327 1372 1444
3832 1371 1443
3384 1371 1423
2026 1370 1443
5199 1369 1875
379 1369 1433
4340 1368 1440
6041 1368 1427
1605 1367 1868
2557 1366 1441
2655 1366 1418
5783 1366 1416
3886 1365 1437
3432 1365 1430
4483 1364 1439
4038 1364 1420
6052 1362 1434
3110 1362 1421
176 1361 1435
1283 1361 1426
533 1360 1419
2295 1358 1432
2775 1358 1430
4155 1355 1834
4229 1354 1428
2720 1353 1436
4694 1352 1436
2234 1343 1805
2128 1342 1439
346 1342 1438
6225 1341 1434
2406 1339 1438
3932 1336 1433
4934 1335 1437
4968 1334 1799
3724 1334 1442
3769 1333 1444
588 1332 1434
5605 1329 1434
1817 1327 1441
4979 1327 1436
2293 1326 1435
5631 1325 1446
5998 1324 1435
3057 1323 1446
5960 1322 1442
5549 1321 1440
6250 1320 1458
62 1320 1439
740 1319 1457
4830 1319 1441
3301 1317 1461
4071 1317 1460
1615 1317 1441
5305 1317 1440
2911 1317 1435
5256 1316 1464
3306 1316 1453
562 1316 1447
4576 1316 1437
2192 1314 1789
324 1314 1438
489 1313 1436
33 1311 1456
2385 1311 1454
2065 1310 1461
5994 1310 1437
5578 1308 1456
5612 1308 1442
5572 1307 1464
2988 1306 1437
2120 1305 1456
1106 1305 1437
4069 1304 1462
4397 1304 1453
3289 1304 1452
345 1304 1451
2712 1303 1465
4309 1303 1459
3074 1302 1462
702 1301 1464
1943 1301 1449
4835 1299 1459
2748 1299 1455
4709 1299 1452
4214 1299 1439
3360 1298 1461
876 1298 1442
1047 1298 1440
5607 1297 1464
5359 1296 1462
2671 1295 1447
5160 1294 1468
1239 1285 1471
4883 1285 1452
5674 1284 1464
1196 1283 1458
3164 1281 1459
3419 1279 1457
3052 1277 1465
4172 1276 1463
2367 1275 1458
2596 1274 1473
2183 1273 1462
596 1272 1472
6030 1272 1468
1798 1271 1459
211 1266 1467
5007 1255 1485
738 1253 1487
4513 1249 1496
3509 1249 1490
5896 1248 1491
2351 1248 1484
4882 1244 1494
4597 1242 1502
157 1242 1497
2910 1241 1503
282 1239 1509
2220 1234 1515
2497 1234 1504
1352 1233 1512
4022 1233 1510
3189 1232 1506
2394 1226 1529
126 1223 1524
4357 1220 1522
2558 1199 1534
6004 1193 1533
3156 1188 1536
6008 1187 1527
1287 1177 1520
5214 1168 1516
2104 1168 1515
5670 1168 1512
5178 1164 1518
495 1163 1515
3937 1163 1511
1953 1162 1517
2435 1156 1510
1594 1152 1505
2914 1120 1517
5603 1108 1514
2230 1102 1513
1198 1102 1511
23 1102 1509
5930 1091 1506
5635 1091 1505
3559 1090 1497
2576 1089 1500
2781 1079 1498
2969 1079 1496
1637 1076 1499
4389 1070 1490
4841 1068 1488
4265 1063 1494
371 1059 1490
3046 1055 1492
5260 1054 1494
530 1046 1482
6057 1036 1487
3302 1036 1483
1366 1024 1797
6138 1015 1494
5848 1014 1500
4687 1014 1493
1875 1003 1507
2508 1002 1509
1744 992 1515
2176 990 1515
2957 987 1751
2884 985 1529
3523 983 1521
5850 976 1534
4625 975 1548
288 969 1537
1920 958 1725
5918 957 1556
5701 956 1558
5946 955 1544
55 954 1542
2205 950 1540
1944 950 1536
1307 947 1684
4756 947 1565
4939 946 1561
2873 945 1691
4996 939 1675
3485 937 1660
2666 937 1649
3082 933 1560
2016 931 1542
6006 929 1572
4814 928 1568
614 924 1565
2431 922 1626
4523 921 1553
1397 920 1579
2993 920 1567
13 919 1600
5925 919 1576
1946 919 1553
4715 917 1605
3909 917 1578
2686 916 1560
4954 914 1595
4529 913 1581
2283 909 1595
5524 908 1597
4627 907 1593
759 903 1584
1993 901 1584
629 899 1578
4245 881 1583
3428 876 1590
5238 875 1593
1769 872 1590
5512 871 1580
5565 871 1579
4001 1726 1666
4116 1725 1677
3635 1725 1676
2442 1723 1677
4004 1723 1676
4246 1722 1668
1701 1722 1660
1808 1720 1677
3297 1720 1665
570 1719 1679
1064 1719 1671
3785 1719 1663
3639 1718 1678
310 1717 1684
5657 1717 1680
2953 1717 1655
3266 1717 1647
2861 1716 1667
2764 1716 1652
2054 1716 1650
864 1716 1647
3407 1715 1690
6090 1715 1672
5153 1715 1670
884 1715 1662
2989 1715 1658
3243 1714 1675
5653 1714 1666
309 1714 1663
776 1713 1657
2590 1713 1650
3155 1713 1641
1108 1712 1695
4278 1712 1660
1796 1712 1645
129 1712 1633
3783 1711 1658
6046 1711 1639
219 1711 1630
3947 1710 1696
1271 1710 1693
3158 1710 1637
2831 1710 1635
2822 1710 1634
3945 1710 1629
4583 1709 1692
4539 1709 1647
2331 1709 1633
2416 1709 1626
150 1708 1690
5077 1708 1647
4119 1708 1645
3799 1708 1633
1337 1708 1632
5958 1708 1626
92 1707 1634
519 1706 1699
338 1706 1636
5885 1706 1624
6158 1705 1704
4682 1705 1693
944 1705 1634
205 1705 1624
1460 1705 1621
5421 1704 1701
356 1704 1697
2540 1704 1696
4011 1704 1695
2158 1704 1624
6036 1704 1617
1632 1703 1699
3971 1703 1620
2499 1703 1617
4790 1702 1631
641 1702 1630
40 1702 1616
2134 1701 1613
1474 1700 1709
3288 1700 1706
2514 1700 1700
1691 1700 1624
4601 1700 1615
6015 1699 1706
930 1699 1625
397 1698 1620
4453 1698 1609
4090 1697 1619
3015 1697 1609
2574 1696 1712
4650 1696 1708
1324 1696 1621
875 1696 1607
4502 1695 1707
1991 1695 1704
5484 1695 1621
4181 1695 1620
1107 1695 1614
694 1694 1705
1316 1694 1619
4059 1694 1617
5092 1693 1613
2267 1693 1606
697 1693 1605
5399 1692 1613
4132 1692 1611
1482 1692 1604
2463 1691 1608
1713 1691 1603
2274 1690 1617
2101 1690 1614
3868 1688 1710
1942 1688 1606
4684 1688 1601
5350 1687 1719
2956 1687 1714
3520 1686 1603
3684 1686 1600
5403 1686 1594
5184 1685 1606
2271 1685 1605
2240 1685 1597
4932 1684 1610
2006 1683 1721
2110 1683 1720
3064 1683 1611
1854 1683 1610
2444 1683 1597
4106 1683 1596
1498 1682 1722
577 1682 1717
5233 1682 1607
4276 1681 1591
936 1680 1722
5337 1680 1607
5718 1679 1722
1867 1679 1599
1373 1678 1721
579 1678 1591
3119 1677 1722
5218 1676 1720
3337 1676 1585
3129 1675 1724
2603 1675 1722
4666 1675 1591
1980 1674 1587
859 1674 1583
1698 1673 1729
5510 1673 1597
4352 1672 1595
3034 1672 1584
898 1671 1597
178 1671 1594
3999 1671 1578
1189 1670 1723
506 1670 1589
3084 1670 1581
4366 1670 1575
1950 1669 1732
1493 1669 1575
6143 1669 1571
1520 1668 1725
5121 1668 1600
6108 1668 1597
514 1668 1572
5009 1667 1567
1343 1666 1731
1791 1666 1601
5857 1666 1595
4460 1666 1590
2823 1665 1737
3257 1665 1601
6096 1665 1571
1080 1665 1565
3845 1664 1598
1513 1664 1586
16 1664 1566
3179 1663 1733
2899 1663 1729
5126 1663 1573
57 1661 1570
1573 1661 1566
36 1660 1740
5290 1660 1577
5151 1660 1576
3732 1659 1596
5416 1659 1593
2417 1659 1592
3215 1659 1591
2916 1659 1574
5163 1658 1742
3596 1657 1746
2119 1657 1564
1051 1656 1747
5053 1655 1742
3578 1655 1592
3633 1655 1574
1230 1654 1752
1864 1654 1749
6136 1654 1588
6137 1654 1578
1479 1654 1565
630 1653 1583
3296 1652 1747
4382 1652 1578
1313 1651 1585
1503 1650 1584
2623 1648 1754
4505 1647 1573
4349 1647 1568
1336 1646 1581
2876 1646 1576
5505 1646 1573
2051 1646 1567
424 1645 1767
2736 1645 1765
3168 1645 1572
5003 1645 1568
5694 1645 1563
5383 1644 1566
3042 1644 1565
3090 1643 1571
1304 1643 1564
2106 1642 1563
3487 1641 1767
1380 1641 1572
2372 1640 1781
6064 1640 1779
1216 1640 1763
1648 1640 1567
2215 1640 1566
111 1639 1775
1547 1639 1574
3605 1639 1565
2281 1637 1571
5482 1637 1563
5687 1635 1558
1009 1634 1796
1005 1634 1793
1110 1633 1549
4250 1632 1792
1532 1632 1550
5940 1632 1549
5518 1631 1795
5426 1630 1795
3603 1630 1557
5957 1629 1557
3024 1628 1803
1970 1628 1546
3786 1628 1543
1328 1627 1554
3095 1626 1803
863 1626 1495
2874 1626 1492
2900 1626 1485
4999 1625 1808
2746 1625 1549
20 1625 1541
1088 1625 1540
5861 1624 1809
3263 1624 1545
1574 1624 1543
5398 1624 1530
5799 1623 1809
5898 1623 1547
3748 1623 1544
6240 1623 1542
5197 1623 1524
1592 1623 1521
75 1623 1498
1914 1622 1813
2107 1622 1810
5882 1622 1808
1931 1622 1541
2159 1622 1523
671 1622 1505
3175 1621 1536
5628 1621 1534
3533 1621 1521
4238 1621 1520
3012 1621 1519
6254 1620 1498
3538 1619 1808
3581 1619 1529
333 1619 1518
5576 1618 1817
1102 1618 1531
4130 1618 1524
1227 1618 1489
3290 1617 1501
5556 1616 1530
5563 1616 1527
551 1616 1526
3115 1616 1522
4469 1615 1526
3863 1615 1516
6042 1615 1512
815 1613 1816
5987 1612 1822
3537 1610 1457
93 1609 1516
2167 1608 1484
1240 1607 1507
6076 1607 1504
2401 1606 1514
6184 1606 1508
1485 1606 1507
3410 1606 1503
1113 1606 1502
2329 1605 1508
383 1605 1503
5453 1604 1502
2090 1604 1488
4867 1603 1505
1440 1603 1502
2374 1603 1496
255 1603 1491
6195 1601 1835
3469 1601 1486
3318 1601 1485
4252 1601 1480
1228 1601 1475
2928 1601 1471
1828 1600 1510
3403 1600 1481
5914 1599 1836
58 1599 1508
5259 1599 1487
5168 1598 1490
5602 1598 1467
3213 1597 1504
1175 1597 1498
5672 1597 1497
1133 1596 1845
451 1596 1839
4087 1596 1501
4401 1596 1488
2350 1596 1478
5049 1596 1475
2482 1595 1495
4364 1594 1477
6133 1593 1462
334 1592 1470
3507 1591 1852
3853 1591 1845
2201 1591 1468
6043 1590 1847
5300 1590 1474
4812 1589 1853
4464 1589 1474
1244 1587 1853
1777 1587 1467
2713 1586 1473
4703 1586 1464
5536 1583 1864
5039 1583 1472
2771 1583 1469
2673 1583 1459
5689 1582 1857
2862 1582 1466
3267 1582 1463
3974 1582 1458
3890 1578 1865
866 1578 1468
2546 1578 1461
76 1578 1457
467 1577 1469
5686 1576 1468
3506 1576 1464
4507 1574 1869
6223 1574 1463
